Data_Number,State,Action,Reward,Angle,Acceleration,pos_cart
1,8,1,-99,8,68,0
2,3,1,-99,3,66,0
3,-5,0,-99,-4,59,0
4,-6,0,-99,-5,68,0
5,-3,1,-99,-2,63,0
6,1,0,-99,1,69,0
7,1,1,-99,1,61,0
8,-2,0,-99,-1,70,0
9,-2,1,-99,-1,60,0
10,-6,1,-99,-5,45,0
11,-4,1,-99,-3,86,40
12,3,0,-99,3,64,40
13,3,1,-99,3,64,40
14,0,0,-100,0,67,40
15,-4,1,-99,-3,63,40
16,-4,0,-99,-3,67,40
17,-2,0,-99,-1,64,40
18,-2,1,-99,-1,66,40
19,-2,0,-99,-1,57,40
19,-2,0,-99,-1,57,40
19,-2,0,-99,-1,57,40
19,-2,0,-99,-1,57,40
19,-2,0,-99,-1,57,40
19,-2,0,-99,-1,57,40
19,-2,0,-99,-1,57,40
19,-2,0,-99,-1,57,40
19,-2,0,-99,-1,57,40
19,-2,0,-99,-1,57,40
19,-2,0,-99,-1,57,40
19,-2,0,-99,-1,57,40
19,-2,0,-99,-1,57,40
19,-2,0,-99,-1,57,40
19,-2,0,-99,-1,57,40
19,-2,0,-99,-1,57,40
19,-2,0,-99,-1,57,40
19,-2,0,-99,-1,57,40
19,-2,0,-99,-1,57,40
19,-2,0,-99,-1,57,40
19,-2,0,-99,-1,57,40
20,4,0,-99,4,51,40
20,4,0,-99,4,51,40
20,4,0,-99,4,51,40
20,4,0,-99,4,51,40
20,4,0,-99,4,51,40
20,4,0,-99,4,51,40
20,4,0,-99,4,51,40
20,4,0,-99,4,51,40
20,4,0,-99,4,51,40
20,4,0,-99,4,51,40
20,4,0,-99,4,51,40
20,4,0,-99,4,51,40
20,4,0,-99,4,51,40
20,4,0,-99,4,51,40
20,4,0,-99,4,51,40
20,4,0,-99,4,51,40
20,4,0,-99,4,51,40
20,4,0,-99,4,51,40
20,4,0,-99,4,51,40
20,4,0,-99,4,51,40
20,4,0,-99,4,51,40
20,4,0,-99,4,51,40
20,4,0,-99,4,51,40
20,4,0,-99,4,51,40
20,4,0,-99,4,51,40
20,4,0,-99,4,51,40
20,4,0,-99,4,51,40
20,4,0,-99,4,51,40
20,4,0,-99,4,51,40
20,4,0,-99,4,51,40
20,4,0,-99,4,51,40
20,4,0,-99,4,51,40
20,4,0,-99,4,51,40
20,4,0,-99,4,51,40
20,4,0,-99,4,51,40
20,4,0,-99,4,51,40
20,4,0,-99,4,51,40
20,4,0,-99,4,51,40
20,4,0,-99,4,51,40
20,4,0,-99,4,51,40
20,4,0,-99,4,51,40
20,4,0,-99,4,51,40
20,4,0,-99,4,51,40
20,4,0,-99,4,51,40
20,4,0,-99,4,51,40
20,4,0,-99,4,51,40
20,4,0,-99,4,51,40
20,4,0,-99,4,51,40
20,4,0,-99,4,51,40
20,4,0,-99,4,51,40
20,4,0,-99,4,51,40
20,4,0,-99,4,51,40
20,4,0,-99,4,51,40
20,4,0,-99,4,51,40
20,4,0,-99,4,51,40
20,4,0,-99,4,51,40
20,4,0,-99,4,51,40
20,4,0,-99,4,51,40
20,4,0,-99,4,51,40
20,4,0,-99,4,51,40
20,4,0,-99,4,51,40
20,4,0,-99,4,51,40
20,4,0,-99,4,51,40
20,4,0,-99,4,51,40
20,4,0,-99,4,51,40
20,4,0,-99,4,51,40
20,4,0,-99,4,51,40
20,4,0,-99,4,51,40
20,4,0,-99,4,51,40
20,4,0,-99,4,51,40
20,4,0,-99,4,51,40
20,4,0,-99,4,51,40
20,4,0,-99,4,51,40
20,4,0,-99,4,51,40
20,4,0,-99,4,51,40
20,4,0,-99,4,51,40
20,4,0,-99,4,51,40
20,4,0,-99,4,51,40
20,4,0,-99,4,51,40
20,4,0,-99,4,51,40
20,4,0,-99,4,51,40
21,3,0,-99,3,69,-40
21,3,0,-99,3,69,-40
21,3,0,-99,3,69,-40
21,3,0,-99,3,69,-40
21,3,0,-99,3,69,-40
21,3,0,-99,3,69,-40
21,3,0,-99,3,69,-40
21,3,0,-99,3,69,-40
21,3,0,-99,3,69,-40
21,3,0,-99,3,69,-40
21,3,0,-99,3,69,-40
21,3,0,-99,3,69,-40
21,3,0,-99,3,69,-40
21,3,0,-99,3,69,-40
21,3,0,-99,3,69,-40
21,3,0,-99,3,69,-40
21,3,0,-99,3,69,-40
21,3,0,-99,3,69,-40
21,3,0,-99,3,69,-40
21,3,0,-99,3,69,-40
21,3,0,-99,3,69,-40
21,3,0,-99,3,69,-40
21,3,0,-99,3,69,-40
21,3,0,-99,3,69,-40
21,3,0,-99,3,69,-40
21,3,0,-99,3,69,-40
21,3,0,-99,3,69,-40
21,3,0,-99,3,69,-40
21,3,0,-99,3,69,-40
21,3,0,-99,3,69,-40
21,3,0,-99,3,69,-40
21,3,0,-99,3,69,-40
21,3,0,-99,3,69,-40
21,3,0,-99,3,69,-40
21,3,0,-99,3,69,-40
21,3,0,-99,3,69,-40
21,3,0,-99,3,69,-40
21,3,0,-99,3,69,-40
21,3,0,-99,3,69,-40
21,3,0,-99,3,69,-40
21,3,0,-99,3,69,-40
21,3,0,-99,3,69,-40
21,3,0,-99,3,69,-40
21,3,0,-99,3,69,-40
21,3,0,-99,3,69,-40
21,3,0,-99,3,69,-40
21,3,0,-99,3,69,-40
21,3,0,-99,3,69,-40
21,3,0,-99,3,69,-40
21,3,0,-99,3,69,-40
21,3,0,-99,3,69,-40
21,3,0,-99,3,69,-40
21,3,0,-99,3,69,-40
21,3,0,-99,3,69,-40
21,3,0,-99,3,69,-40
21,3,0,-99,3,69,-40
21,3,0,-99,3,69,-40
21,3,0,-99,3,69,-40
21,3,0,-99,3,69,-40
21,3,0,-99,3,69,-40
21,3,0,-99,3,69,-40
21,3,0,-99,3,69,-40
21,3,0,-99,3,69,-40
21,3,0,-99,3,69,-40
21,3,0,-99,3,69,-40
21,3,0,-99,3,69,-40
21,3,0,-99,3,69,-40
21,3,0,-99,3,69,-40
21,3,0,-99,3,69,-40
21,3,0,-99,3,69,-40
21,3,0,-99,3,69,-40
21,3,0,-99,3,69,-40
21,3,0,-99,3,69,-40
21,3,0,-99,3,69,-40
21,3,0,-99,3,69,-40
21,3,0,-99,3,69,-40
21,3,0,-99,3,69,-40
21,3,0,-99,3,69,-40
21,3,0,-99,3,69,-40
21,3,0,-99,3,69,-40
21,3,0,-99,3,69,-40
21,3,0,-99,3,69,-40
21,3,0,-99,3,69,-40
21,3,0,-99,3,69,-40
21,3,0,-99,3,69,-40
21,3,0,-99,3,69,-40
21,3,0,-99,3,69,-40
21,3,0,-99,3,69,-40
21,3,0,-99,3,69,-40
22,-17,1,-97,-15,40,0
22,-17,1,-97,-15,40,0
22,-17,1,-97,-15,40,0
22,-17,1,-97,-15,40,0
22,-17,1,-97,-15,40,0
22,-17,1,-97,-15,40,0
22,-17,1,-97,-15,40,0
22,-17,1,-97,-15,40,0
22,-17,1,-97,-15,40,0
22,-17,1,-97,-15,40,0
22,-17,1,-97,-15,40,0
22,-17,1,-97,-15,40,0
22,-17,1,-97,-15,40,0
22,-17,1,-97,-15,40,0
22,-17,1,-97,-15,40,0
22,-17,1,-97,-15,40,0
22,-17,1,-97,-15,40,0
22,-17,1,-97,-15,40,0
22,-17,1,-97,-15,40,0
22,-17,1,-97,-15,40,0
22,-17,1,-97,-15,40,0
22,-17,1,-97,-15,40,0
22,-17,1,-97,-15,40,0
22,-17,1,-97,-15,40,0
22,-17,1,-97,-15,40,0
22,-17,1,-97,-15,40,0
22,-17,1,-97,-15,40,0
22,-17,1,-97,-15,40,0
22,-17,1,-97,-15,40,0
22,-17,1,-97,-15,40,0
22,-17,1,-97,-15,40,0
22,-17,1,-97,-15,40,0
22,-17,1,-97,-15,40,0
22,-17,1,-97,-15,40,0
22,-17,1,-97,-15,40,0
22,-17,1,-97,-15,40,0
22,-17,1,-97,-15,40,0
22,-17,1,-97,-15,40,0
22,-17,1,-97,-15,40,0
22,-17,1,-97,-15,40,0
22,-17,1,-97,-15,40,0
22,-17,1,-97,-15,40,0
22,-17,1,-97,-15,40,0
22,-17,1,-97,-15,40,0
22,-17,1,-97,-15,40,0
22,-17,1,-97,-15,40,0
22,-17,1,-97,-15,40,0
22,-17,1,-97,-15,40,0
22,-17,1,-97,-15,40,0
22,-17,1,-97,-15,40,0
22,-17,1,-97,-15,40,0
22,-17,1,-97,-15,40,0
22,-17,1,-97,-15,40,0
22,-17,1,-97,-15,40,0
22,-17,1,-97,-15,40,0
22,-17,1,-97,-15,40,0
22,-17,1,-97,-15,40,0
22,-17,1,-97,-15,40,0
22,-17,1,-97,-15,40,0
22,-17,1,-97,-15,40,0
22,-17,1,-97,-15,40,0
22,-17,1,-97,-15,40,0
22,-17,1,-97,-15,40,0
23,-6,0,-99,-5,179,0
23,-6,0,-99,-5,179,0
23,-6,0,-99,-5,179,0
23,-6,0,-99,-5,179,0
23,-6,0,-99,-5,179,0
23,-6,0,-99,-5,179,0
23,-6,0,-99,-5,179,0
23,-6,0,-99,-5,179,0
23,-6,0,-99,-5,179,0
23,-6,0,-99,-5,179,0
23,-6,0,-99,-5,179,0
23,-6,0,-99,-5,179,0
23,-6,0,-99,-5,179,0
23,-6,0,-99,-5,179,0
23,-6,0,-99,-5,179,0
23,-6,0,-99,-5,179,0
23,-6,0,-99,-5,179,0
23,-6,0,-99,-5,179,0
23,-6,0,-99,-5,179,0
23,-6,0,-99,-5,179,0
23,-6,0,-99,-5,179,0
23,-6,0,-99,-5,179,0
23,-6,0,-99,-5,179,0
23,-6,0,-99,-5,179,0
23,-6,0,-99,-5,179,0
23,-6,0,-99,-5,179,0
23,-6,0,-99,-5,179,0
23,-6,0,-99,-5,179,0
23,-6,0,-99,-5,179,0
23,-6,0,-99,-5,179,0
23,-6,0,-99,-5,179,0
23,-6,0,-99,-5,179,0
23,-6,0,-99,-5,179,0
23,-6,0,-99,-5,179,0
23,-6,0,-99,-5,179,0
23,-6,0,-99,-5,179,0
23,-6,0,-99,-5,179,0
23,-6,0,-99,-5,179,0
23,-6,0,-99,-5,179,0
23,-6,0,-99,-5,179,0
23,-6,0,-99,-5,179,0
23,-6,0,-99,-5,179,0
23,-6,0,-99,-5,179,0
23,-6,0,-99,-5,179,0
23,-6,0,-99,-5,179,0
23,-6,0,-99,-5,179,0
23,-6,0,-99,-5,179,0
23,-6,0,-99,-5,179,0
23,-6,0,-99,-5,179,0
23,-6,0,-99,-5,179,0
23,-6,0,-99,-5,179,0
23,-6,0,-99,-5,179,0
23,-6,0,-99,-5,179,0
23,-6,0,-99,-5,179,0
23,-6,0,-99,-5,179,0
23,-6,0,-99,-5,179,0
23,-6,0,-99,-5,179,0
23,-6,0,-99,-5,179,0
23,-6,0,-99,-5,179,0
23,-6,0,-99,-5,179,0
23,-6,0,-99,-5,179,0
23,-6,0,-99,-5,179,0
23,-6,0,-99,-5,179,0
23,-6,0,-99,-5,179,0
23,-6,0,-99,-5,179,0
23,-6,0,-99,-5,179,0
23,-6,0,-99,-5,179,0
23,-6,0,-99,-5,179,0
23,-6,0,-99,-5,179,0
23,-6,0,-99,-5,179,0
23,-6,0,-99,-5,179,0
23,-6,0,-99,-5,179,0
23,-6,0,-99,-5,179,0
23,-6,0,-99,-5,179,0
23,-6,0,-99,-5,179,0
23,-6,0,-99,-5,179,0
23,-6,0,-99,-5,179,0
23,-6,0,-99,-5,179,0
23,-6,0,-99,-5,179,0
24,7,1,-99,7,66,40
24,7,1,-99,7,66,40
24,7,1,-99,7,66,40
24,7,1,-99,7,66,40
24,7,1,-99,7,66,40
24,7,1,-99,7,66,40
24,7,1,-99,7,66,40
24,7,1,-99,7,66,40
24,7,1,-99,7,66,40
24,7,1,-99,7,66,40
24,7,1,-99,7,66,40
24,7,1,-99,7,66,40
24,7,1,-99,7,66,40
24,7,1,-99,7,66,40
24,7,1,-99,7,66,40
24,7,1,-99,7,66,40
24,7,1,-99,7,66,40
24,7,1,-99,7,66,40
24,7,1,-99,7,66,40
24,7,1,-99,7,66,40
24,7,1,-99,7,66,40
24,7,1,-99,7,66,40
24,7,1,-99,7,66,40
24,7,1,-99,7,66,40
24,7,1,-99,7,66,40
24,7,1,-99,7,66,40
24,7,1,-99,7,66,40
24,7,1,-99,7,66,40
24,7,1,-99,7,66,40
24,7,1,-99,7,66,40
24,7,1,-99,7,66,40
24,7,1,-99,7,66,40
24,7,1,-99,7,66,40
24,7,1,-99,7,66,40
24,7,1,-99,7,66,40
24,7,1,-99,7,66,40
24,7,1,-99,7,66,40
24,7,1,-99,7,66,40
24,7,1,-99,7,66,40
24,7,1,-99,7,66,40
24,7,1,-99,7,66,40
24,7,1,-99,7,66,40
24,7,1,-99,7,66,40
24,7,1,-99,7,66,40
24,7,1,-99,7,66,40
24,7,1,-99,7,66,40
24,7,1,-99,7,66,40
24,7,1,-99,7,66,40
24,7,1,-99,7,66,40
24,7,1,-99,7,66,40
24,7,1,-99,7,66,40
24,7,1,-99,7,66,40
24,7,1,-99,7,66,40
24,7,1,-99,7,66,40
24,7,1,-99,7,66,40
24,7,1,-99,7,66,40
24,7,1,-99,7,66,40
24,7,1,-99,7,66,40
24,7,1,-99,7,66,40
24,7,1,-99,7,66,40
24,7,1,-99,7,66,40
24,7,1,-99,7,66,40
24,7,1,-99,7,66,40
24,7,1,-99,7,66,40
24,7,1,-99,7,66,40
24,7,1,-99,7,66,40
24,7,1,-99,7,66,40
24,7,1,-99,7,66,40
24,7,1,-99,7,66,40
24,7,1,-99,7,66,40
24,7,1,-99,7,66,40
24,7,1,-99,7,66,40
24,7,1,-99,7,66,40
24,7,1,-99,7,66,40
24,7,1,-99,7,66,40
24,7,1,-99,7,66,40
24,7,1,-99,7,66,40
24,7,1,-99,7,66,40
24,7,1,-99,7,66,40
24,7,1,-99,7,66,40
24,7,1,-99,7,66,40
24,7,1,-99,7,66,40
24,7,1,-99,7,66,40
25,7,0,-99,7,5,40
25,7,0,-99,7,5,40
25,7,0,-99,7,5,40
25,7,0,-99,7,5,40
25,7,0,-99,7,5,40
25,7,0,-99,7,5,40
25,7,0,-99,7,5,40
25,7,0,-99,7,5,40
25,7,0,-99,7,5,40
25,7,0,-99,7,5,40
25,7,0,-99,7,5,40
25,7,0,-99,7,5,40
25,7,0,-99,7,5,40
25,7,0,-99,7,5,40
25,7,0,-99,7,5,40
25,7,0,-99,7,5,40
25,7,0,-99,7,5,40
25,7,0,-99,7,5,40
25,7,0,-99,7,5,40
25,7,0,-99,7,5,40
25,7,0,-99,7,5,40
25,7,0,-99,7,5,40
25,7,0,-99,7,5,40
25,7,0,-99,7,5,40
25,7,0,-99,7,5,40
25,7,0,-99,7,5,40
25,7,0,-99,7,5,40
25,7,0,-99,7,5,40
25,7,0,-99,7,5,40
25,7,0,-99,7,5,40
25,7,0,-99,7,5,40
25,7,0,-99,7,5,40
25,7,0,-99,7,5,40
25,7,0,-99,7,5,40
25,7,0,-99,7,5,40
25,7,0,-99,7,5,40
25,7,0,-99,7,5,40
25,7,0,-99,7,5,40
25,7,0,-99,7,5,40
25,7,0,-99,7,5,40
25,7,0,-99,7,5,40
25,7,0,-99,7,5,40
25,7,0,-99,7,5,40
25,7,0,-99,7,5,40
25,7,0,-99,7,5,40
25,7,0,-99,7,5,40
25,7,0,-99,7,5,40
25,7,0,-99,7,5,40
25,7,0,-99,7,5,40
25,7,0,-99,7,5,40
25,7,0,-99,7,5,40
25,7,0,-99,7,5,40
25,7,0,-99,7,5,40
25,7,0,-99,7,5,40
25,7,0,-99,7,5,40
25,7,0,-99,7,5,40
25,7,0,-99,7,5,40
25,7,0,-99,7,5,40
25,7,0,-99,7,5,40
25,7,0,-99,7,5,40
25,7,0,-99,7,5,40
25,7,0,-99,7,5,40
25,7,0,-99,7,5,40
25,7,0,-99,7,5,40
25,7,0,-99,7,5,40
25,7,0,-99,7,5,40
25,7,0,-99,7,5,40
25,7,0,-99,7,5,40
25,7,0,-99,7,5,40
25,7,0,-99,7,5,40
25,7,0,-99,7,5,40
25,7,0,-99,7,5,40
25,7,0,-99,7,5,40
25,7,0,-99,7,5,40
25,7,0,-99,7,5,40
25,7,0,-99,7,5,40
25,7,0,-99,7,5,40
25,7,0,-99,7,5,40
25,7,0,-99,7,5,40
25,7,0,-99,7,5,40
25,7,0,-99,7,5,40
26,12,0,-98,11,57,0
26,12,0,-98,11,57,0
26,12,0,-98,11,57,0
26,12,0,-98,11,57,0
26,12,0,-98,11,57,0
26,12,0,-98,11,57,0
26,12,0,-98,11,57,0
26,12,0,-98,11,57,0
26,12,0,-98,11,57,0
26,12,0,-98,11,57,0
26,12,0,-98,11,57,0
26,12,0,-98,11,57,0
26,12,0,-98,11,57,0
26,12,0,-98,11,57,0
26,12,0,-98,11,57,0
26,12,0,-98,11,57,0
26,12,0,-98,11,57,0
26,12,0,-98,11,57,0
26,12,0,-98,11,57,0
26,12,0,-98,11,57,0
26,12,0,-98,11,57,0
26,12,0,-98,11,57,0
26,12,0,-98,11,57,0
26,12,0,-98,11,57,0
26,12,0,-98,11,57,0
26,12,0,-98,11,57,0
26,12,0,-98,11,57,0
26,12,0,-98,11,57,0
26,12,0,-98,11,57,0
26,12,0,-98,11,57,0
26,12,0,-98,11,57,0
26,12,0,-98,11,57,0
26,12,0,-98,11,57,0
26,12,0,-98,11,57,0
26,12,0,-98,11,57,0
26,12,0,-98,11,57,0
26,12,0,-98,11,57,0
26,12,0,-98,11,57,0
26,12,0,-98,11,57,0
26,12,0,-98,11,57,0
26,12,0,-98,11,57,0
26,12,0,-98,11,57,0
26,12,0,-98,11,57,0
26,12,0,-98,11,57,0
26,12,0,-98,11,57,0
26,12,0,-98,11,57,0
26,12,0,-98,11,57,0
26,12,0,-98,11,57,0
26,12,0,-98,11,57,0
26,12,0,-98,11,57,0
26,12,0,-98,11,57,0
26,12,0,-98,11,57,0
26,12,0,-98,11,57,0
26,12,0,-98,11,57,0
26,12,0,-98,11,57,0
26,12,0,-98,11,57,0
26,12,0,-98,11,57,0
26,12,0,-98,11,57,0
26,12,0,-98,11,57,0
26,12,0,-98,11,57,0
26,12,0,-98,11,57,0
26,12,0,-98,11,57,0
26,12,0,-98,11,57,0
26,12,0,-98,11,57,0
26,12,0,-98,11,57,0
26,12,0,-98,11,57,0
26,12,0,-98,11,57,0
26,12,0,-98,11,57,0
27,-5,1,-99,-4,-59,-80
27,-5,1,-99,-4,-59,-80
27,-5,1,-99,-4,-59,-80
27,-5,1,-99,-4,-59,-80
27,-5,1,-99,-4,-59,-80
27,-5,1,-99,-4,-59,-80
27,-5,1,-99,-4,-59,-80
27,-5,1,-99,-4,-59,-80
27,-5,1,-99,-4,-59,-80
27,-5,1,-99,-4,-59,-80
27,-5,1,-99,-4,-59,-80
27,-5,1,-99,-4,-59,-80
27,-5,1,-99,-4,-59,-80
27,-5,1,-99,-4,-59,-80
27,-5,1,-99,-4,-59,-80
27,-5,1,-99,-4,-59,-80
27,-5,1,-99,-4,-59,-80
27,-5,1,-99,-4,-59,-80
27,-5,1,-99,-4,-59,-80
27,-5,1,-99,-4,-59,-80
27,-5,1,-99,-4,-59,-80
27,-5,1,-99,-4,-59,-80
27,-5,1,-99,-4,-59,-80
27,-5,1,-99,-4,-59,-80
27,-5,1,-99,-4,-59,-80
27,-5,1,-99,-4,-59,-80
27,-5,1,-99,-4,-59,-80
27,-5,1,-99,-4,-59,-80
27,-5,1,-99,-4,-59,-80
27,-5,1,-99,-4,-59,-80
27,-5,1,-99,-4,-59,-80
27,-5,1,-99,-4,-59,-80
27,-5,1,-99,-4,-59,-80
27,-5,1,-99,-4,-59,-80
27,-5,1,-99,-4,-59,-80
27,-5,1,-99,-4,-59,-80
27,-5,1,-99,-4,-59,-80
27,-5,1,-99,-4,-59,-80
27,-5,1,-99,-4,-59,-80
27,-5,1,-99,-4,-59,-80
27,-5,1,-99,-4,-59,-80
27,-5,1,-99,-4,-59,-80
27,-5,1,-99,-4,-59,-80
27,-5,1,-99,-4,-59,-80
27,-5,1,-99,-4,-59,-80
27,-5,1,-99,-4,-59,-80
27,-5,1,-99,-4,-59,-80
27,-5,1,-99,-4,-59,-80
27,-5,1,-99,-4,-59,-80
27,-5,1,-99,-4,-59,-80
27,-5,1,-99,-4,-59,-80
28,-15,1,-97,-13,106,-40
28,-15,1,-97,-13,106,-40
28,-15,1,-97,-13,106,-40
28,-15,1,-97,-13,106,-40
28,-15,1,-97,-13,106,-40
28,-15,1,-97,-13,106,-40
28,-15,1,-97,-13,106,-40
28,-15,1,-97,-13,106,-40
28,-15,1,-97,-13,106,-40
28,-15,1,-97,-13,106,-40
28,-15,1,-97,-13,106,-40
28,-15,1,-97,-13,106,-40
28,-15,1,-97,-13,106,-40
28,-15,1,-97,-13,106,-40
28,-15,1,-97,-13,106,-40
28,-15,1,-97,-13,106,-40
28,-15,1,-97,-13,106,-40
28,-15,1,-97,-13,106,-40
28,-15,1,-97,-13,106,-40
28,-15,1,-97,-13,106,-40
28,-15,1,-97,-13,106,-40
28,-15,1,-97,-13,106,-40
28,-15,1,-97,-13,106,-40
28,-15,1,-97,-13,106,-40
28,-15,1,-97,-13,106,-40
28,-15,1,-97,-13,106,-40
28,-15,1,-97,-13,106,-40
28,-15,1,-97,-13,106,-40
28,-15,1,-97,-13,106,-40
28,-15,1,-97,-13,106,-40
28,-15,1,-97,-13,106,-40
28,-15,1,-97,-13,106,-40
28,-15,1,-97,-13,106,-40
28,-15,1,-97,-13,106,-40
28,-15,1,-97,-13,106,-40
28,-15,1,-97,-13,106,-40
28,-15,1,-97,-13,106,-40
28,-15,1,-97,-13,106,-40
28,-15,1,-97,-13,106,-40
28,-15,1,-97,-13,106,-40
28,-15,1,-97,-13,106,-40
28,-15,1,-97,-13,106,-40
28,-15,1,-97,-13,106,-40
28,-15,1,-97,-13,106,-40
28,-15,1,-97,-13,106,-40
28,-15,1,-97,-13,106,-40
28,-15,1,-97,-13,106,-40
28,-15,1,-97,-13,106,-40
28,-15,1,-97,-13,106,-40
28,-15,1,-97,-13,106,-40
28,-15,1,-97,-13,106,-40
28,-15,1,-97,-13,106,-40
28,-15,1,-97,-13,106,-40
28,-15,1,-97,-13,106,-40
28,-15,1,-97,-13,106,-40
28,-15,1,-97,-13,106,-40
28,-15,1,-97,-13,106,-40
28,-15,1,-97,-13,106,-40
28,-15,1,-97,-13,106,-40
28,-15,1,-97,-13,106,-40
28,-15,1,-97,-13,106,-40
28,-15,1,-97,-13,106,-40
28,-15,1,-97,-13,106,-40
28,-15,1,-97,-13,106,-40
28,-15,1,-97,-13,106,-40
28,-15,1,-97,-13,106,-40
28,-15,1,-97,-13,106,-40
28,-15,1,-97,-13,106,-40
28,-15,1,-97,-13,106,-40
28,-15,1,-97,-13,106,-40
28,-15,1,-97,-13,106,-40
28,-15,1,-97,-13,106,-40
28,-15,1,-97,-13,106,-40
28,-15,1,-97,-13,106,-40
28,-15,1,-97,-13,106,-40
28,-15,1,-97,-13,106,-40
28,-15,1,-97,-13,106,-40
28,-15,1,-97,-13,106,-40
28,-15,1,-97,-13,106,-40
28,-15,1,-97,-13,106,-40
28,-15,1,-97,-13,106,-40
28,-15,1,-97,-13,106,-40
28,-15,1,-97,-13,106,-40
28,-15,1,-97,-13,106,-40
28,-15,1,-97,-13,106,-40
28,-15,1,-97,-13,106,-40
28,-15,1,-97,-13,106,-40
28,-15,1,-97,-13,106,-40
28,-15,1,-97,-13,106,-40
28,-15,1,-97,-13,106,-40
28,-15,1,-97,-13,106,-40
28,-15,1,-97,-13,106,-40
28,-15,1,-97,-13,106,-40
28,-15,1,-97,-13,106,-40
28,-15,1,-97,-13,106,-40
28,-15,1,-97,-13,106,-40
28,-15,1,-97,-13,106,-40
29,-13,0,-98,-11,68,-40
29,-13,0,-98,-11,68,-40
29,-13,0,-98,-11,68,-40
29,-13,0,-98,-11,68,-40
29,-13,0,-98,-11,68,-40
29,-13,0,-98,-11,68,-40
29,-13,0,-98,-11,68,-40
29,-13,0,-98,-11,68,-40
29,-13,0,-98,-11,68,-40
29,-13,0,-98,-11,68,-40
29,-13,0,-98,-11,68,-40
29,-13,0,-98,-11,68,-40
29,-13,0,-98,-11,68,-40
29,-13,0,-98,-11,68,-40
29,-13,0,-98,-11,68,-40
29,-13,0,-98,-11,68,-40
29,-13,0,-98,-11,68,-40
29,-13,0,-98,-11,68,-40
29,-13,0,-98,-11,68,-40
29,-13,0,-98,-11,68,-40
29,-13,0,-98,-11,68,-40
29,-13,0,-98,-11,68,-40
29,-13,0,-98,-11,68,-40
29,-13,0,-98,-11,68,-40
29,-13,0,-98,-11,68,-40
29,-13,0,-98,-11,68,-40
29,-13,0,-98,-11,68,-40
29,-13,0,-98,-11,68,-40
29,-13,0,-98,-11,68,-40
29,-13,0,-98,-11,68,-40
29,-13,0,-98,-11,68,-40
29,-13,0,-98,-11,68,-40
29,-13,0,-98,-11,68,-40
29,-13,0,-98,-11,68,-40
29,-13,0,-98,-11,68,-40
29,-13,0,-98,-11,68,-40
29,-13,0,-98,-11,68,-40
29,-13,0,-98,-11,68,-40
29,-13,0,-98,-11,68,-40
29,-13,0,-98,-11,68,-40
29,-13,0,-98,-11,68,-40
29,-13,0,-98,-11,68,-40
29,-13,0,-98,-11,68,-40
29,-13,0,-98,-11,68,-40
29,-13,0,-98,-11,68,-40
29,-13,0,-98,-11,68,-40
29,-13,0,-98,-11,68,-40
29,-13,0,-98,-11,68,-40
29,-13,0,-98,-11,68,-40
29,-13,0,-98,-11,68,-40
29,-13,0,-98,-11,68,-40
29,-13,0,-98,-11,68,-40
29,-13,0,-98,-11,68,-40
29,-13,0,-98,-11,68,-40
29,-13,0,-98,-11,68,-40
29,-13,0,-98,-11,68,-40
29,-13,0,-98,-11,68,-40
29,-13,0,-98,-11,68,-40
29,-13,0,-98,-11,68,-40
29,-13,0,-98,-11,68,-40
29,-13,0,-98,-11,68,-40
29,-13,0,-98,-11,68,-40
29,-13,0,-98,-11,68,-40
29,-13,0,-98,-11,68,-40
29,-13,0,-98,-11,68,-40
29,-13,0,-98,-11,68,-40
29,-13,0,-98,-11,68,-40
29,-13,0,-98,-11,68,-40
29,-13,0,-98,-11,68,-40
29,-13,0,-98,-11,68,-40
29,-13,0,-98,-11,68,-40
29,-13,0,-98,-11,68,-40
29,-13,0,-98,-11,68,-40
29,-13,0,-98,-11,68,-40
29,-13,0,-98,-11,68,-40
29,-13,0,-98,-11,68,-40
30,-2,1,-99,-1,188,-40
30,-2,1,-99,-1,188,-40
30,-2,1,-99,-1,188,-40
30,-2,1,-99,-1,188,-40
30,-2,1,-99,-1,188,-40
30,-2,1,-99,-1,188,-40
30,-2,1,-99,-1,188,-40
30,-2,1,-99,-1,188,-40
30,-2,1,-99,-1,188,-40
30,-2,1,-99,-1,188,-40
30,-2,1,-99,-1,188,-40
30,-2,1,-99,-1,188,-40
30,-2,1,-99,-1,188,-40
30,-2,1,-99,-1,188,-40
30,-2,1,-99,-1,188,-40
30,-2,1,-99,-1,188,-40
30,-2,1,-99,-1,188,-40
30,-2,1,-99,-1,188,-40
30,-2,1,-99,-1,188,-40
30,-2,1,-99,-1,188,-40
30,-2,1,-99,-1,188,-40
30,-2,1,-99,-1,188,-40
30,-2,1,-99,-1,188,-40
30,-2,1,-99,-1,188,-40
30,-2,1,-99,-1,188,-40
30,-2,1,-99,-1,188,-40
30,-2,1,-99,-1,188,-40
30,-2,1,-99,-1,188,-40
30,-2,1,-99,-1,188,-40
30,-2,1,-99,-1,188,-40
30,-2,1,-99,-1,188,-40
30,-2,1,-99,-1,188,-40
30,-2,1,-99,-1,188,-40
30,-2,1,-99,-1,188,-40
30,-2,1,-99,-1,188,-40
30,-2,1,-99,-1,188,-40
30,-2,1,-99,-1,188,-40
30,-2,1,-99,-1,188,-40
30,-2,1,-99,-1,188,-40
30,-2,1,-99,-1,188,-40
30,-2,1,-99,-1,188,-40
30,-2,1,-99,-1,188,-40
30,-2,1,-99,-1,188,-40
30,-2,1,-99,-1,188,-40
30,-2,1,-99,-1,188,-40
30,-2,1,-99,-1,188,-40
30,-2,1,-99,-1,188,-40
30,-2,1,-99,-1,188,-40
30,-2,1,-99,-1,188,-40
30,-2,1,-99,-1,188,-40
30,-2,1,-99,-1,188,-40
30,-2,1,-99,-1,188,-40
30,-2,1,-99,-1,188,-40
30,-2,1,-99,-1,188,-40
30,-2,1,-99,-1,188,-40
30,-2,1,-99,-1,188,-40
30,-2,1,-99,-1,188,-40
30,-2,1,-99,-1,188,-40
30,-2,1,-99,-1,188,-40
30,-2,1,-99,-1,188,-40
30,-2,1,-99,-1,188,-40
30,-2,1,-99,-1,188,-40
30,-2,1,-99,-1,188,-40
30,-2,1,-99,-1,188,-40
30,-2,1,-99,-1,188,-40
30,-2,1,-99,-1,188,-40
30,-2,1,-99,-1,188,-40
30,-2,1,-99,-1,188,-40
30,-2,1,-99,-1,188,-40
30,-2,1,-99,-1,188,-40
30,-2,1,-99,-1,188,-40
30,-2,1,-99,-1,188,-40
30,-2,1,-99,-1,188,-40
30,-2,1,-99,-1,188,-40
30,-2,1,-99,-1,188,-40
30,-2,1,-99,-1,188,-40
30,-2,1,-99,-1,188,-40
30,-2,1,-99,-1,188,-40
30,-2,1,-99,-1,188,-40
30,-2,1,-99,-1,188,-40
31,9,0,-99,9,-33,0
31,9,0,-99,9,-33,0
31,9,0,-99,9,-33,0
31,9,0,-99,9,-33,0
31,9,0,-99,9,-33,0
31,9,0,-99,9,-33,0
31,9,0,-99,9,-33,0
31,9,0,-99,9,-33,0
31,9,0,-99,9,-33,0
31,9,0,-99,9,-33,0
31,9,0,-99,9,-33,0
31,9,0,-99,9,-33,0
31,9,0,-99,9,-33,0
31,9,0,-99,9,-33,0
31,9,0,-99,9,-33,0
31,9,0,-99,9,-33,0
31,9,0,-99,9,-33,0
31,9,0,-99,9,-33,0
31,9,0,-99,9,-33,0
31,9,0,-99,9,-33,0
31,9,0,-99,9,-33,0
31,9,0,-99,9,-33,0
31,9,0,-99,9,-33,0
31,9,0,-99,9,-33,0
31,9,0,-99,9,-33,0
31,9,0,-99,9,-33,0
31,9,0,-99,9,-33,0
31,9,0,-99,9,-33,0
31,9,0,-99,9,-33,0
31,9,0,-99,9,-33,0
31,9,0,-99,9,-33,0
31,9,0,-99,9,-33,0
31,9,0,-99,9,-33,0
31,9,0,-99,9,-33,0
31,9,0,-99,9,-33,0
31,9,0,-99,9,-33,0
31,9,0,-99,9,-33,0
31,9,0,-99,9,-33,0
31,9,0,-99,9,-33,0
31,9,0,-99,9,-33,0
31,9,0,-99,9,-33,0
31,9,0,-99,9,-33,0
31,9,0,-99,9,-33,0
31,9,0,-99,9,-33,0
31,9,0,-99,9,-33,0
31,9,0,-99,9,-33,0
31,9,0,-99,9,-33,0
31,9,0,-99,9,-33,0
31,9,0,-99,9,-33,0
31,9,0,-99,9,-33,0
31,9,0,-99,9,-33,0
31,9,0,-99,9,-33,0
31,9,0,-99,9,-33,0
31,9,0,-99,9,-33,0
31,9,0,-99,9,-33,0
31,9,0,-99,9,-33,0
31,9,0,-99,9,-33,0
31,9,0,-99,9,-33,0
31,9,0,-99,9,-33,0
31,9,0,-99,9,-33,0
31,9,0,-99,9,-33,0
31,9,0,-99,9,-33,0
31,9,0,-99,9,-33,0
31,9,0,-99,9,-33,0
31,9,0,-99,9,-33,0
31,9,0,-99,9,-33,0
31,9,0,-99,9,-33,0
31,9,0,-99,9,-33,0
31,9,0,-99,9,-33,0
31,9,0,-99,9,-33,0
31,9,0,-99,9,-33,0
31,9,0,-99,9,-33,0
31,9,0,-99,9,-33,0
31,9,0,-99,9,-33,0
31,9,0,-99,9,-33,0
31,9,0,-99,9,-33,0
31,9,0,-99,9,-33,0
31,9,0,-99,9,-33,0
31,9,0,-99,9,-33,0
31,9,0,-99,9,-33,0
32,5,1,-99,5,25,0
32,5,1,-99,5,25,0
32,5,1,-99,5,25,0
32,5,1,-99,5,25,0
32,5,1,-99,5,25,0
32,5,1,-99,5,25,0
32,5,1,-99,5,25,0
32,5,1,-99,5,25,0
32,5,1,-99,5,25,0
32,5,1,-99,5,25,0
32,5,1,-99,5,25,0
32,5,1,-99,5,25,0
32,5,1,-99,5,25,0
32,5,1,-99,5,25,0
32,5,1,-99,5,25,0
32,5,1,-99,5,25,0
32,5,1,-99,5,25,0
32,5,1,-99,5,25,0
32,5,1,-99,5,25,0
32,5,1,-99,5,25,0
32,5,1,-99,5,25,0
32,5,1,-99,5,25,0
32,5,1,-99,5,25,0
32,5,1,-99,5,25,0
32,5,1,-99,5,25,0
32,5,1,-99,5,25,0
32,5,1,-99,5,25,0
32,5,1,-99,5,25,0
32,5,1,-99,5,25,0
32,5,1,-99,5,25,0
32,5,1,-99,5,25,0
32,5,1,-99,5,25,0
32,5,1,-99,5,25,0
32,5,1,-99,5,25,0
32,5,1,-99,5,25,0
32,5,1,-99,5,25,0
32,5,1,-99,5,25,0
32,5,1,-99,5,25,0
32,5,1,-99,5,25,0
32,5,1,-99,5,25,0
32,5,1,-99,5,25,0
32,5,1,-99,5,25,0
32,5,1,-99,5,25,0
32,5,1,-99,5,25,0
32,5,1,-99,5,25,0
32,5,1,-99,5,25,0
32,5,1,-99,5,25,0
32,5,1,-99,5,25,0
32,5,1,-99,5,25,0
32,5,1,-99,5,25,0
32,5,1,-99,5,25,0
32,5,1,-99,5,25,0
32,5,1,-99,5,25,0
32,5,1,-99,5,25,0
32,5,1,-99,5,25,0
32,5,1,-99,5,25,0
32,5,1,-99,5,25,0
32,5,1,-99,5,25,0
32,5,1,-99,5,25,0
32,5,1,-99,5,25,0
32,5,1,-99,5,25,0
33,-9,1,-99,-8,72,40
33,-9,1,-99,-8,72,40
33,-9,1,-99,-8,72,40
33,-9,1,-99,-8,72,40
33,-9,1,-99,-8,72,40
33,-9,1,-99,-8,72,40
33,-9,1,-99,-8,72,40
33,-9,1,-99,-8,72,40
33,-9,1,-99,-8,72,40
33,-9,1,-99,-8,72,40
33,-9,1,-99,-8,72,40
33,-9,1,-99,-8,72,40
33,-9,1,-99,-8,72,40
33,-9,1,-99,-8,72,40
33,-9,1,-99,-8,72,40
33,-9,1,-99,-8,72,40
33,-9,1,-99,-8,72,40
33,-9,1,-99,-8,72,40
33,-9,1,-99,-8,72,40
33,-9,1,-99,-8,72,40
33,-9,1,-99,-8,72,40
33,-9,1,-99,-8,72,40
33,-9,1,-99,-8,72,40
33,-9,1,-99,-8,72,40
33,-9,1,-99,-8,72,40
33,-9,1,-99,-8,72,40
33,-9,1,-99,-8,72,40
33,-9,1,-99,-8,72,40
33,-9,1,-99,-8,72,40
33,-9,1,-99,-8,72,40
33,-9,1,-99,-8,72,40
33,-9,1,-99,-8,72,40
33,-9,1,-99,-8,72,40
33,-9,1,-99,-8,72,40
33,-9,1,-99,-8,72,40
33,-9,1,-99,-8,72,40
33,-9,1,-99,-8,72,40
33,-9,1,-99,-8,72,40
33,-9,1,-99,-8,72,40
33,-9,1,-99,-8,72,40
33,-9,1,-99,-8,72,40
33,-9,1,-99,-8,72,40
33,-9,1,-99,-8,72,40
33,-9,1,-99,-8,72,40
33,-9,1,-99,-8,72,40
33,-9,1,-99,-8,72,40
33,-9,1,-99,-8,72,40
33,-9,1,-99,-8,72,40
33,-9,1,-99,-8,72,40
33,-9,1,-99,-8,72,40
33,-9,1,-99,-8,72,40
33,-9,1,-99,-8,72,40
33,-9,1,-99,-8,72,40
33,-9,1,-99,-8,72,40
33,-9,1,-99,-8,72,40
33,-9,1,-99,-8,72,40
33,-9,1,-99,-8,72,40
33,-9,1,-99,-8,72,40
33,-9,1,-99,-8,72,40
33,-9,1,-99,-8,72,40
33,-9,1,-99,-8,72,40
33,-9,1,-99,-8,72,40
33,-9,1,-99,-8,72,40
33,-9,1,-99,-8,72,40
33,-9,1,-99,-8,72,40
33,-9,1,-99,-8,72,40
33,-9,1,-99,-8,72,40
33,-9,1,-99,-8,72,40
33,-9,1,-99,-8,72,40
33,-9,1,-99,-8,72,40
33,-9,1,-99,-8,72,40
33,-9,1,-99,-8,72,40
33,-9,1,-99,-8,72,40
33,-9,1,-99,-8,72,40
33,-9,1,-99,-8,72,40
33,-9,1,-99,-8,72,40
33,-9,1,-99,-8,72,40
33,-9,1,-99,-8,72,40
33,-9,1,-99,-8,72,40
34,-2,0,-99,-1,124,40
34,-2,0,-99,-1,124,40
34,-2,0,-99,-1,124,40
34,-2,0,-99,-1,124,40
34,-2,0,-99,-1,124,40
34,-2,0,-99,-1,124,40
34,-2,0,-99,-1,124,40
34,-2,0,-99,-1,124,40
34,-2,0,-99,-1,124,40
34,-2,0,-99,-1,124,40
34,-2,0,-99,-1,124,40
34,-2,0,-99,-1,124,40
34,-2,0,-99,-1,124,40
34,-2,0,-99,-1,124,40
34,-2,0,-99,-1,124,40
34,-2,0,-99,-1,124,40
34,-2,0,-99,-1,124,40
34,-2,0,-99,-1,124,40
34,-2,0,-99,-1,124,40
34,-2,0,-99,-1,124,40
34,-2,0,-99,-1,124,40
34,-2,0,-99,-1,124,40
34,-2,0,-99,-1,124,40
34,-2,0,-99,-1,124,40
34,-2,0,-99,-1,124,40
34,-2,0,-99,-1,124,40
34,-2,0,-99,-1,124,40
34,-2,0,-99,-1,124,40
34,-2,0,-99,-1,124,40
34,-2,0,-99,-1,124,40
34,-2,0,-99,-1,124,40
34,-2,0,-99,-1,124,40
34,-2,0,-99,-1,124,40
34,-2,0,-99,-1,124,40
34,-2,0,-99,-1,124,40
34,-2,0,-99,-1,124,40
34,-2,0,-99,-1,124,40
34,-2,0,-99,-1,124,40
34,-2,0,-99,-1,124,40
34,-2,0,-99,-1,124,40
34,-2,0,-99,-1,124,40
34,-2,0,-99,-1,124,40
34,-2,0,-99,-1,124,40
34,-2,0,-99,-1,124,40
34,-2,0,-99,-1,124,40
34,-2,0,-99,-1,124,40
34,-2,0,-99,-1,124,40
34,-2,0,-99,-1,124,40
34,-2,0,-99,-1,124,40
34,-2,0,-99,-1,124,40
34,-2,0,-99,-1,124,40
34,-2,0,-99,-1,124,40
34,-2,0,-99,-1,124,40
34,-2,0,-99,-1,124,40
34,-2,0,-99,-1,124,40
34,-2,0,-99,-1,124,40
34,-2,0,-99,-1,124,40
34,-2,0,-99,-1,124,40
34,-2,0,-99,-1,124,40
34,-2,0,-99,-1,124,40
34,-2,0,-99,-1,124,40
34,-2,0,-99,-1,124,40
34,-2,0,-99,-1,124,40
34,-2,0,-99,-1,124,40
34,-2,0,-99,-1,124,40
34,-2,0,-99,-1,124,40
34,-2,0,-99,-1,124,40
34,-2,0,-99,-1,124,40
34,-2,0,-99,-1,124,40
34,-2,0,-99,-1,124,40
34,-2,0,-99,-1,124,40
34,-2,0,-99,-1,124,40
34,-2,0,-99,-1,124,40
34,-2,0,-99,-1,124,40
34,-2,0,-99,-1,124,40
35,3,1,-99,3,117,80
35,3,1,-99,3,117,80
35,3,1,-99,3,117,80
35,3,1,-99,3,117,80
35,3,1,-99,3,117,80
35,3,1,-99,3,117,80
35,3,1,-99,3,117,80
35,3,1,-99,3,117,80
35,3,1,-99,3,117,80
35,3,1,-99,3,117,80
35,3,1,-99,3,117,80
35,3,1,-99,3,117,80
35,3,1,-99,3,117,80
35,3,1,-99,3,117,80
35,3,1,-99,3,117,80
35,3,1,-99,3,117,80
35,3,1,-99,3,117,80
35,3,1,-99,3,117,80
35,3,1,-99,3,117,80
35,3,1,-99,3,117,80
35,3,1,-99,3,117,80
35,3,1,-99,3,117,80
35,3,1,-99,3,117,80
35,3,1,-99,3,117,80
35,3,1,-99,3,117,80
35,3,1,-99,3,117,80
35,3,1,-99,3,117,80
35,3,1,-99,3,117,80
35,3,1,-99,3,117,80
35,3,1,-99,3,117,80
35,3,1,-99,3,117,80
35,3,1,-99,3,117,80
35,3,1,-99,3,117,80
35,3,1,-99,3,117,80
35,3,1,-99,3,117,80
35,3,1,-99,3,117,80
35,3,1,-99,3,117,80
35,3,1,-99,3,117,80
35,3,1,-99,3,117,80
35,3,1,-99,3,117,80
35,3,1,-99,3,117,80
35,3,1,-99,3,117,80
35,3,1,-99,3,117,80
35,3,1,-99,3,117,80
35,3,1,-99,3,117,80
35,3,1,-99,3,117,80
35,3,1,-99,3,117,80
35,3,1,-99,3,117,80
35,3,1,-99,3,117,80
35,3,1,-99,3,117,80
35,3,1,-99,3,117,80
35,3,1,-99,3,117,80
35,3,1,-99,3,117,80
35,3,1,-99,3,117,80
35,3,1,-99,3,117,80
35,3,1,-99,3,117,80
35,3,1,-99,3,117,80
35,3,1,-99,3,117,80
35,3,1,-99,3,117,80
35,3,1,-99,3,117,80
35,3,1,-99,3,117,80
35,3,1,-99,3,117,80
35,3,1,-99,3,117,80
35,3,1,-99,3,117,80
35,3,1,-99,3,117,80
35,3,1,-99,3,117,80
35,3,1,-99,3,117,80
35,3,1,-99,3,117,80
35,3,1,-99,3,117,80
35,3,1,-99,3,117,80
35,3,1,-99,3,117,80
35,3,1,-99,3,117,80
35,3,1,-99,3,117,80
35,3,1,-99,3,117,80
36,-2,1,-99,-1,17,80
36,-2,1,-99,-1,17,80
36,-2,1,-99,-1,17,80
36,-2,1,-99,-1,17,80
36,-2,1,-99,-1,17,80
36,-2,1,-99,-1,17,80
36,-2,1,-99,-1,17,80
36,-2,1,-99,-1,17,80
36,-2,1,-99,-1,17,80
36,-2,1,-99,-1,17,80
36,-2,1,-99,-1,17,80
36,-2,1,-99,-1,17,80
36,-2,1,-99,-1,17,80
36,-2,1,-99,-1,17,80
36,-2,1,-99,-1,17,80
36,-2,1,-99,-1,17,80
36,-2,1,-99,-1,17,80
36,-2,1,-99,-1,17,80
36,-2,1,-99,-1,17,80
36,-2,1,-99,-1,17,80
36,-2,1,-99,-1,17,80
36,-2,1,-99,-1,17,80
36,-2,1,-99,-1,17,80
36,-2,1,-99,-1,17,80
36,-2,1,-99,-1,17,80
36,-2,1,-99,-1,17,80
36,-2,1,-99,-1,17,80
36,-2,1,-99,-1,17,80
36,-2,1,-99,-1,17,80
36,-2,1,-99,-1,17,80
36,-2,1,-99,-1,17,80
36,-2,1,-99,-1,17,80
36,-2,1,-99,-1,17,80
36,-2,1,-99,-1,17,80
36,-2,1,-99,-1,17,80
36,-2,1,-99,-1,17,80
36,-2,1,-99,-1,17,80
36,-2,1,-99,-1,17,80
36,-2,1,-99,-1,17,80
36,-2,1,-99,-1,17,80
36,-2,1,-99,-1,17,80
36,-2,1,-99,-1,17,80
36,-2,1,-99,-1,17,80
36,-2,1,-99,-1,17,80
36,-2,1,-99,-1,17,80
36,-2,1,-99,-1,17,80
36,-2,1,-99,-1,17,80
36,-2,1,-99,-1,17,80
36,-2,1,-99,-1,17,80
36,-2,1,-99,-1,17,80
36,-2,1,-99,-1,17,80
36,-2,1,-99,-1,17,80
36,-2,1,-99,-1,17,80
36,-2,1,-99,-1,17,80
36,-2,1,-99,-1,17,80
36,-2,1,-99,-1,17,80
36,-2,1,-99,-1,17,80
36,-2,1,-99,-1,17,80
36,-2,1,-99,-1,17,80
36,-2,1,-99,-1,17,80
36,-2,1,-99,-1,17,80
36,-2,1,-99,-1,17,80
36,-2,1,-99,-1,17,80
36,-2,1,-99,-1,17,80
36,-2,1,-99,-1,17,80
36,-2,1,-99,-1,17,80
36,-2,1,-99,-1,17,80
36,-2,1,-99,-1,17,80
36,-2,1,-99,-1,17,80
36,-2,1,-99,-1,17,80
36,-2,1,-99,-1,17,80
36,-2,1,-99,-1,17,80
36,-2,1,-99,-1,17,80
37,1,1,-99,1,83,120
37,1,1,-99,1,83,120
37,1,1,-99,1,83,120
37,1,1,-99,1,83,120
37,1,1,-99,1,83,120
37,1,1,-99,1,83,120
37,1,1,-99,1,83,120
37,1,1,-99,1,83,120
37,1,1,-99,1,83,120
37,1,1,-99,1,83,120
37,1,1,-99,1,83,120
37,1,1,-99,1,83,120
37,1,1,-99,1,83,120
37,1,1,-99,1,83,120
37,1,1,-99,1,83,120
37,1,1,-99,1,83,120
37,1,1,-99,1,83,120
37,1,1,-99,1,83,120
37,1,1,-99,1,83,120
37,1,1,-99,1,83,120
37,1,1,-99,1,83,120
37,1,1,-99,1,83,120
37,1,1,-99,1,83,120
37,1,1,-99,1,83,120
37,1,1,-99,1,83,120
37,1,1,-99,1,83,120
37,1,1,-99,1,83,120
37,1,1,-99,1,83,120
37,1,1,-99,1,83,120
37,1,1,-99,1,83,120
37,1,1,-99,1,83,120
37,1,1,-99,1,83,120
37,1,1,-99,1,83,120
37,1,1,-99,1,83,120
37,1,1,-99,1,83,120
37,1,1,-99,1,83,120
37,1,1,-99,1,83,120
37,1,1,-99,1,83,120
37,1,1,-99,1,83,120
37,1,1,-99,1,83,120
37,1,1,-99,1,83,120
37,1,1,-99,1,83,120
37,1,1,-99,1,83,120
37,1,1,-99,1,83,120
37,1,1,-99,1,83,120
37,1,1,-99,1,83,120
37,1,1,-99,1,83,120
37,1,1,-99,1,83,120
37,1,1,-99,1,83,120
37,1,1,-99,1,83,120
37,1,1,-99,1,83,120
37,1,1,-99,1,83,120
37,1,1,-99,1,83,120
37,1,1,-99,1,83,120
37,1,1,-99,1,83,120
37,1,1,-99,1,83,120
37,1,1,-99,1,83,120
37,1,1,-99,1,83,120
37,1,1,-99,1,83,120
37,1,1,-99,1,83,120
37,1,1,-99,1,83,120
37,1,1,-99,1,83,120
37,1,1,-99,1,83,120
37,1,1,-99,1,83,120
37,1,1,-99,1,83,120
37,1,1,-99,1,83,120
37,1,1,-99,1,83,120
37,1,1,-99,1,83,120
37,1,1,-99,1,83,120
37,1,1,-99,1,83,120
37,1,1,-99,1,83,120
37,1,1,-99,1,83,120
37,1,1,-99,1,83,120
38,6,0,-99,6,-18,40
38,6,0,-99,6,-18,40
38,6,0,-99,6,-18,40
38,6,0,-99,6,-18,40
38,6,0,-99,6,-18,40
38,6,0,-99,6,-18,40
38,6,0,-99,6,-18,40
38,6,0,-99,6,-18,40
38,6,0,-99,6,-18,40
38,6,0,-99,6,-18,40
38,6,0,-99,6,-18,40
38,6,0,-99,6,-18,40
38,6,0,-99,6,-18,40
38,6,0,-99,6,-18,40
38,6,0,-99,6,-18,40
38,6,0,-99,6,-18,40
38,6,0,-99,6,-18,40
38,6,0,-99,6,-18,40
38,6,0,-99,6,-18,40
38,6,0,-99,6,-18,40
38,6,0,-99,6,-18,40
38,6,0,-99,6,-18,40
38,6,0,-99,6,-18,40
38,6,0,-99,6,-18,40
38,6,0,-99,6,-18,40
38,6,0,-99,6,-18,40
38,6,0,-99,6,-18,40
38,6,0,-99,6,-18,40
38,6,0,-99,6,-18,40
38,6,0,-99,6,-18,40
38,6,0,-99,6,-18,40
38,6,0,-99,6,-18,40
38,6,0,-99,6,-18,40
38,6,0,-99,6,-18,40
38,6,0,-99,6,-18,40
38,6,0,-99,6,-18,40
38,6,0,-99,6,-18,40
38,6,0,-99,6,-18,40
38,6,0,-99,6,-18,40
38,6,0,-99,6,-18,40
38,6,0,-99,6,-18,40
38,6,0,-99,6,-18,40
38,6,0,-99,6,-18,40
38,6,0,-99,6,-18,40
38,6,0,-99,6,-18,40
38,6,0,-99,6,-18,40
38,6,0,-99,6,-18,40
38,6,0,-99,6,-18,40
38,6,0,-99,6,-18,40
38,6,0,-99,6,-18,40
38,6,0,-99,6,-18,40
38,6,0,-99,6,-18,40
38,6,0,-99,6,-18,40
38,6,0,-99,6,-18,40
38,6,0,-99,6,-18,40
38,6,0,-99,6,-18,40
38,6,0,-99,6,-18,40
38,6,0,-99,6,-18,40
38,6,0,-99,6,-18,40
38,6,0,-99,6,-18,40
38,6,0,-99,6,-18,40
38,6,0,-99,6,-18,40
38,6,0,-99,6,-18,40
38,6,0,-99,6,-18,40
38,6,0,-99,6,-18,40
38,6,0,-99,6,-18,40
38,6,0,-99,6,-18,40
38,6,0,-99,6,-18,40
38,6,0,-99,6,-18,40
38,6,0,-99,6,-18,40
38,6,0,-99,6,-18,40
39,-2,0,-99,-1,21,80
39,-2,0,-99,-1,21,80
39,-2,0,-99,-1,21,80
39,-2,0,-99,-1,21,80
39,-2,0,-99,-1,21,80
39,-2,0,-99,-1,21,80
39,-2,0,-99,-1,21,80
39,-2,0,-99,-1,21,80
39,-2,0,-99,-1,21,80
39,-2,0,-99,-1,21,80
39,-2,0,-99,-1,21,80
39,-2,0,-99,-1,21,80
39,-2,0,-99,-1,21,80
39,-2,0,-99,-1,21,80
39,-2,0,-99,-1,21,80
39,-2,0,-99,-1,21,80
39,-2,0,-99,-1,21,80
39,-2,0,-99,-1,21,80
39,-2,0,-99,-1,21,80
39,-2,0,-99,-1,21,80
39,-2,0,-99,-1,21,80
39,-2,0,-99,-1,21,80
39,-2,0,-99,-1,21,80
39,-2,0,-99,-1,21,80
39,-2,0,-99,-1,21,80
39,-2,0,-99,-1,21,80
39,-2,0,-99,-1,21,80
39,-2,0,-99,-1,21,80
39,-2,0,-99,-1,21,80
39,-2,0,-99,-1,21,80
39,-2,0,-99,-1,21,80
39,-2,0,-99,-1,21,80
39,-2,0,-99,-1,21,80
39,-2,0,-99,-1,21,80
39,-2,0,-99,-1,21,80
39,-2,0,-99,-1,21,80
39,-2,0,-99,-1,21,80
39,-2,0,-99,-1,21,80
39,-2,0,-99,-1,21,80
39,-2,0,-99,-1,21,80
39,-2,0,-99,-1,21,80
39,-2,0,-99,-1,21,80
39,-2,0,-99,-1,21,80
39,-2,0,-99,-1,21,80
39,-2,0,-99,-1,21,80
39,-2,0,-99,-1,21,80
39,-2,0,-99,-1,21,80
39,-2,0,-99,-1,21,80
39,-2,0,-99,-1,21,80
39,-2,0,-99,-1,21,80
39,-2,0,-99,-1,21,80
39,-2,0,-99,-1,21,80
39,-2,0,-99,-1,21,80
39,-2,0,-99,-1,21,80
39,-2,0,-99,-1,21,80
39,-2,0,-99,-1,21,80
39,-2,0,-99,-1,21,80
39,-2,0,-99,-1,21,80
39,-2,0,-99,-1,21,80
39,-2,0,-99,-1,21,80
39,-2,0,-99,-1,21,80
39,-2,0,-99,-1,21,80
39,-2,0,-99,-1,21,80
39,-2,0,-99,-1,21,80
39,-2,0,-99,-1,21,80
39,-2,0,-99,-1,21,80
39,-2,0,-99,-1,21,80
39,-2,0,-99,-1,21,80
39,-2,0,-99,-1,21,80
39,-2,0,-99,-1,21,80
40,-9,0,-99,-8,-69,80
40,-9,0,-99,-8,-69,80
40,-9,0,-99,-8,-69,80
40,-9,0,-99,-8,-69,80
40,-9,0,-99,-8,-69,80
40,-9,0,-99,-8,-69,80
40,-9,0,-99,-8,-69,80
40,-9,0,-99,-8,-69,80
40,-9,0,-99,-8,-69,80
40,-9,0,-99,-8,-69,80
40,-9,0,-99,-8,-69,80
40,-9,0,-99,-8,-69,80
40,-9,0,-99,-8,-69,80
40,-9,0,-99,-8,-69,80
40,-9,0,-99,-8,-69,80
40,-9,0,-99,-8,-69,80
40,-9,0,-99,-8,-69,80
40,-9,0,-99,-8,-69,80
40,-9,0,-99,-8,-69,80
40,-9,0,-99,-8,-69,80
40,-9,0,-99,-8,-69,80
40,-9,0,-99,-8,-69,80
40,-9,0,-99,-8,-69,80
40,-9,0,-99,-8,-69,80
40,-9,0,-99,-8,-69,80
40,-9,0,-99,-8,-69,80
40,-9,0,-99,-8,-69,80
40,-9,0,-99,-8,-69,80
40,-9,0,-99,-8,-69,80
40,-9,0,-99,-8,-69,80
40,-9,0,-99,-8,-69,80
40,-9,0,-99,-8,-69,80
40,-9,0,-99,-8,-69,80
40,-9,0,-99,-8,-69,80
40,-9,0,-99,-8,-69,80
40,-9,0,-99,-8,-69,80
40,-9,0,-99,-8,-69,80
40,-9,0,-99,-8,-69,80
40,-9,0,-99,-8,-69,80
40,-9,0,-99,-8,-69,80
40,-9,0,-99,-8,-69,80
40,-9,0,-99,-8,-69,80
40,-9,0,-99,-8,-69,80
40,-9,0,-99,-8,-69,80
40,-9,0,-99,-8,-69,80
40,-9,0,-99,-8,-69,80
40,-9,0,-99,-8,-69,80
40,-9,0,-99,-8,-69,80
40,-9,0,-99,-8,-69,80
40,-9,0,-99,-8,-69,80
40,-9,0,-99,-8,-69,80
40,-9,0,-99,-8,-69,80
41,3,0,-99,3,64,40
41,3,0,-99,3,64,40
41,3,0,-99,3,64,40
41,3,0,-99,3,64,40
41,3,0,-99,3,64,40
41,3,0,-99,3,64,40
41,3,0,-99,3,64,40
41,3,0,-99,3,64,40
41,3,0,-99,3,64,40
41,3,0,-99,3,64,40
41,3,0,-99,3,64,40
41,3,0,-99,3,64,40
41,3,0,-99,3,64,40
41,3,0,-99,3,64,40
41,3,0,-99,3,64,40
41,3,0,-99,3,64,40
41,3,0,-99,3,64,40
41,3,0,-99,3,64,40
41,3,0,-99,3,64,40
41,3,0,-99,3,64,40
41,3,0,-99,3,64,40
41,3,0,-99,3,64,40
41,3,0,-99,3,64,40
41,3,0,-99,3,64,40
41,3,0,-99,3,64,40
41,3,0,-99,3,64,40
41,3,0,-99,3,64,40
41,3,0,-99,3,64,40
41,3,0,-99,3,64,40
41,3,0,-99,3,64,40
41,3,0,-99,3,64,40
41,3,0,-99,3,64,40
41,3,0,-99,3,64,40
41,3,0,-99,3,64,40
41,3,0,-99,3,64,40
41,3,0,-99,3,64,40
41,3,0,-99,3,64,40
41,3,0,-99,3,64,40
41,3,0,-99,3,64,40
41,3,0,-99,3,64,40
41,3,0,-99,3,64,40
41,3,0,-99,3,64,40
41,3,0,-99,3,64,40
41,3,0,-99,3,64,40
41,3,0,-99,3,64,40
41,3,0,-99,3,64,40
41,3,0,-99,3,64,40
41,3,0,-99,3,64,40
41,3,0,-99,3,64,40
41,3,0,-99,3,64,40
41,3,0,-99,3,64,40
41,3,0,-99,3,64,40
41,3,0,-99,3,64,40
41,3,0,-99,3,64,40
41,3,0,-99,3,64,40
41,3,0,-99,3,64,40
41,3,0,-99,3,64,40
41,3,0,-99,3,64,40
41,3,0,-99,3,64,40
41,3,0,-99,3,64,40
41,3,0,-99,3,64,40
41,3,0,-99,3,64,40
41,3,0,-99,3,64,40
41,3,0,-99,3,64,40
41,3,0,-99,3,64,40
41,3,0,-99,3,64,40
41,3,0,-99,3,64,40
41,3,0,-99,3,64,40
41,3,0,-99,3,64,40
41,3,0,-99,3,64,40
41,3,0,-99,3,64,40
41,3,0,-99,3,64,40
41,3,0,-99,3,64,40
41,3,0,-99,3,64,40
41,3,0,-99,3,64,40
41,3,0,-99,3,64,40
41,3,0,-99,3,64,40
41,3,0,-99,3,64,40
41,3,0,-99,3,64,40
41,3,0,-99,3,64,40
41,3,0,-99,3,64,40
41,3,0,-99,3,64,40
41,3,0,-99,3,64,40
42,-3,0,-99,-2,-5,40
42,-3,0,-99,-2,-5,40
42,-3,0,-99,-2,-5,40
42,-3,0,-99,-2,-5,40
42,-3,0,-99,-2,-5,40
42,-3,0,-99,-2,-5,40
42,-3,0,-99,-2,-5,40
42,-3,0,-99,-2,-5,40
42,-3,0,-99,-2,-5,40
42,-3,0,-99,-2,-5,40
42,-3,0,-99,-2,-5,40
42,-3,0,-99,-2,-5,40
42,-3,0,-99,-2,-5,40
42,-3,0,-99,-2,-5,40
42,-3,0,-99,-2,-5,40
42,-3,0,-99,-2,-5,40
42,-3,0,-99,-2,-5,40
42,-3,0,-99,-2,-5,40
42,-3,0,-99,-2,-5,40
42,-3,0,-99,-2,-5,40
42,-3,0,-99,-2,-5,40
42,-3,0,-99,-2,-5,40
42,-3,0,-99,-2,-5,40
42,-3,0,-99,-2,-5,40
42,-3,0,-99,-2,-5,40
42,-3,0,-99,-2,-5,40
42,-3,0,-99,-2,-5,40
42,-3,0,-99,-2,-5,40
42,-3,0,-99,-2,-5,40
42,-3,0,-99,-2,-5,40
42,-3,0,-99,-2,-5,40
42,-3,0,-99,-2,-5,40
42,-3,0,-99,-2,-5,40
42,-3,0,-99,-2,-5,40
42,-3,0,-99,-2,-5,40
42,-3,0,-99,-2,-5,40
42,-3,0,-99,-2,-5,40
42,-3,0,-99,-2,-5,40
42,-3,0,-99,-2,-5,40
42,-3,0,-99,-2,-5,40
42,-3,0,-99,-2,-5,40
42,-3,0,-99,-2,-5,40
42,-3,0,-99,-2,-5,40
42,-3,0,-99,-2,-5,40
42,-3,0,-99,-2,-5,40
42,-3,0,-99,-2,-5,40
42,-3,0,-99,-2,-5,40
42,-3,0,-99,-2,-5,40
42,-3,0,-99,-2,-5,40
42,-3,0,-99,-2,-5,40
42,-3,0,-99,-2,-5,40
42,-3,0,-99,-2,-5,40
42,-3,0,-99,-2,-5,40
42,-3,0,-99,-2,-5,40
42,-3,0,-99,-2,-5,40
42,-3,0,-99,-2,-5,40
42,-3,0,-99,-2,-5,40
42,-3,0,-99,-2,-5,40
42,-3,0,-99,-2,-5,40
42,-3,0,-99,-2,-5,40
42,-3,0,-99,-2,-5,40
42,-3,0,-99,-2,-5,40
42,-3,0,-99,-2,-5,40
42,-3,0,-99,-2,-5,40
42,-3,0,-99,-2,-5,40
42,-3,0,-99,-2,-5,40
42,-3,0,-99,-2,-5,40
42,-3,0,-99,-2,-5,40
42,-3,0,-99,-2,-5,40
42,-3,0,-99,-2,-5,40
42,-3,0,-99,-2,-5,40
42,-3,0,-99,-2,-5,40
42,-3,0,-99,-2,-5,40
42,-3,0,-99,-2,-5,40
42,-3,0,-99,-2,-5,40
42,-3,0,-99,-2,-5,40
42,-3,0,-99,-2,-5,40
42,-3,0,-99,-2,-5,40
42,-3,0,-99,-2,-5,40
43,6,1,-99,6,98,0
43,6,1,-99,6,98,0
43,6,1,-99,6,98,0
43,6,1,-99,6,98,0
43,6,1,-99,6,98,0
43,6,1,-99,6,98,0
43,6,1,-99,6,98,0
43,6,1,-99,6,98,0
43,6,1,-99,6,98,0
43,6,1,-99,6,98,0
43,6,1,-99,6,98,0
43,6,1,-99,6,98,0
43,6,1,-99,6,98,0
43,6,1,-99,6,98,0
43,6,1,-99,6,98,0
43,6,1,-99,6,98,0
43,6,1,-99,6,98,0
43,6,1,-99,6,98,0
43,6,1,-99,6,98,0
43,6,1,-99,6,98,0
43,6,1,-99,6,98,0
43,6,1,-99,6,98,0
43,6,1,-99,6,98,0
43,6,1,-99,6,98,0
43,6,1,-99,6,98,0
43,6,1,-99,6,98,0
43,6,1,-99,6,98,0
43,6,1,-99,6,98,0
43,6,1,-99,6,98,0
43,6,1,-99,6,98,0
43,6,1,-99,6,98,0
43,6,1,-99,6,98,0
43,6,1,-99,6,98,0
43,6,1,-99,6,98,0
43,6,1,-99,6,98,0
43,6,1,-99,6,98,0
43,6,1,-99,6,98,0
43,6,1,-99,6,98,0
43,6,1,-99,6,98,0
43,6,1,-99,6,98,0
43,6,1,-99,6,98,0
43,6,1,-99,6,98,0
43,6,1,-99,6,98,0
43,6,1,-99,6,98,0
43,6,1,-99,6,98,0
43,6,1,-99,6,98,0
43,6,1,-99,6,98,0
43,6,1,-99,6,98,0
43,6,1,-99,6,98,0
43,6,1,-99,6,98,0
43,6,1,-99,6,98,0
43,6,1,-99,6,98,0
43,6,1,-99,6,98,0
43,6,1,-99,6,98,0
43,6,1,-99,6,98,0
43,6,1,-99,6,98,0
43,6,1,-99,6,98,0
43,6,1,-99,6,98,0
43,6,1,-99,6,98,0
43,6,1,-99,6,98,0
43,6,1,-99,6,98,0
43,6,1,-99,6,98,0
43,6,1,-99,6,98,0
43,6,1,-99,6,98,0
43,6,1,-99,6,98,0
43,6,1,-99,6,98,0
43,6,1,-99,6,98,0
43,6,1,-99,6,98,0
43,6,1,-99,6,98,0
43,6,1,-99,6,98,0
43,6,1,-99,6,98,0
43,6,1,-99,6,98,0
43,6,1,-99,6,98,0
43,6,1,-99,6,98,0
43,6,1,-99,6,98,0
43,6,1,-99,6,98,0
43,6,1,-99,6,98,0
43,6,1,-99,6,98,0
43,6,1,-99,6,98,0
43,6,1,-99,6,98,0
43,6,1,-99,6,98,0
43,6,1,-99,6,98,0
43,6,1,-99,6,98,0
43,6,1,-99,6,98,0
44,0,1,-100,0,9,-80
44,0,1,-100,0,9,-80
44,0,1,-100,0,9,-80
44,0,1,-100,0,9,-80
44,0,1,-100,0,9,-80
44,0,1,-100,0,9,-80
44,0,1,-100,0,9,-80
44,0,1,-100,0,9,-80
44,0,1,-100,0,9,-80
44,0,1,-100,0,9,-80
44,0,1,-100,0,9,-80
44,0,1,-100,0,9,-80
44,0,1,-100,0,9,-80
44,0,1,-100,0,9,-80
44,0,1,-100,0,9,-80
44,0,1,-100,0,9,-80
44,0,1,-100,0,9,-80
44,0,1,-100,0,9,-80
44,0,1,-100,0,9,-80
44,0,1,-100,0,9,-80
44,0,1,-100,0,9,-80
44,0,1,-100,0,9,-80
44,0,1,-100,0,9,-80
44,0,1,-100,0,9,-80
44,0,1,-100,0,9,-80
44,0,1,-100,0,9,-80
44,0,1,-100,0,9,-80
44,0,1,-100,0,9,-80
44,0,1,-100,0,9,-80
44,0,1,-100,0,9,-80
44,0,1,-100,0,9,-80
44,0,1,-100,0,9,-80
44,0,1,-100,0,9,-80
44,0,1,-100,0,9,-80
44,0,1,-100,0,9,-80
44,0,1,-100,0,9,-80
44,0,1,-100,0,9,-80
44,0,1,-100,0,9,-80
44,0,1,-100,0,9,-80
44,0,1,-100,0,9,-80
44,0,1,-100,0,9,-80
44,0,1,-100,0,9,-80
44,0,1,-100,0,9,-80
44,0,1,-100,0,9,-80
44,0,1,-100,0,9,-80
44,0,1,-100,0,9,-80
44,0,1,-100,0,9,-80
44,0,1,-100,0,9,-80
44,0,1,-100,0,9,-80
44,0,1,-100,0,9,-80
44,0,1,-100,0,9,-80
44,0,1,-100,0,9,-80
44,0,1,-100,0,9,-80
44,0,1,-100,0,9,-80
44,0,1,-100,0,9,-80
44,0,1,-100,0,9,-80
44,0,1,-100,0,9,-80
44,0,1,-100,0,9,-80
44,0,1,-100,0,9,-80
44,0,1,-100,0,9,-80
44,0,1,-100,0,9,-80
44,0,1,-100,0,9,-80
44,0,1,-100,0,9,-80
44,0,1,-100,0,9,-80
44,0,1,-100,0,9,-80
44,0,1,-100,0,9,-80
44,0,1,-100,0,9,-80
44,0,1,-100,0,9,-80
44,0,1,-100,0,9,-80
44,0,1,-100,0,9,-80
44,0,1,-100,0,9,-80
44,0,1,-100,0,9,-80
44,0,1,-100,0,9,-80
44,0,1,-100,0,9,-80
44,0,1,-100,0,9,-80
44,0,1,-100,0,9,-80
44,0,1,-100,0,9,-80
44,0,1,-100,0,9,-80
44,0,1,-100,0,9,-80
45,-20,1,-96,-18,60,-40
45,-20,1,-96,-18,60,-40
45,-20,1,-96,-18,60,-40
45,-20,1,-96,-18,60,-40
45,-20,1,-96,-18,60,-40
45,-20,1,-96,-18,60,-40
45,-20,1,-96,-18,60,-40
45,-20,1,-96,-18,60,-40
45,-20,1,-96,-18,60,-40
45,-20,1,-96,-18,60,-40
45,-20,1,-96,-18,60,-40
45,-20,1,-96,-18,60,-40
45,-20,1,-96,-18,60,-40
45,-20,1,-96,-18,60,-40
45,-20,1,-96,-18,60,-40
45,-20,1,-96,-18,60,-40
45,-20,1,-96,-18,60,-40
45,-20,1,-96,-18,60,-40
45,-20,1,-96,-18,60,-40
45,-20,1,-96,-18,60,-40
45,-20,1,-96,-18,60,-40
45,-20,1,-96,-18,60,-40
45,-20,1,-96,-18,60,-40
45,-20,1,-96,-18,60,-40
45,-20,1,-96,-18,60,-40
45,-20,1,-96,-18,60,-40
45,-20,1,-96,-18,60,-40
45,-20,1,-96,-18,60,-40
45,-20,1,-96,-18,60,-40
45,-20,1,-96,-18,60,-40
45,-20,1,-96,-18,60,-40
45,-20,1,-96,-18,60,-40
45,-20,1,-96,-18,60,-40
45,-20,1,-96,-18,60,-40
45,-20,1,-96,-18,60,-40
45,-20,1,-96,-18,60,-40
45,-20,1,-96,-18,60,-40
45,-20,1,-96,-18,60,-40
45,-20,1,-96,-18,60,-40
45,-20,1,-96,-18,60,-40
45,-20,1,-96,-18,60,-40
45,-20,1,-96,-18,60,-40
45,-20,1,-96,-18,60,-40
45,-20,1,-96,-18,60,-40
45,-20,1,-96,-18,60,-40
45,-20,1,-96,-18,60,-40
45,-20,1,-96,-18,60,-40
45,-20,1,-96,-18,60,-40
45,-20,1,-96,-18,60,-40
45,-20,1,-96,-18,60,-40
45,-20,1,-96,-18,60,-40
45,-20,1,-96,-18,60,-40
45,-20,1,-96,-18,60,-40
45,-20,1,-96,-18,60,-40
45,-20,1,-96,-18,60,-40
45,-20,1,-96,-18,60,-40
45,-20,1,-96,-18,60,-40
45,-20,1,-96,-18,60,-40
45,-20,1,-96,-18,60,-40
45,-20,1,-96,-18,60,-40
45,-20,1,-96,-18,60,-40
45,-20,1,-96,-18,60,-40
45,-20,1,-96,-18,60,-40
45,-20,1,-96,-18,60,-40
45,-20,1,-96,-18,60,-40
45,-20,1,-96,-18,60,-40
45,-20,1,-96,-18,60,-40
45,-20,1,-96,-18,60,-40
45,-20,1,-96,-18,60,-40
45,-20,1,-96,-18,60,-40
45,-20,1,-96,-18,60,-40
45,-20,1,-96,-18,60,-40
45,-20,1,-96,-18,60,-40
46,-17,0,-97,-15,80,40
46,-17,0,-97,-15,80,40
46,-17,0,-97,-15,80,40
46,-17,0,-97,-15,80,40
46,-17,0,-97,-15,80,40
46,-17,0,-97,-15,80,40
46,-17,0,-97,-15,80,40
46,-17,0,-97,-15,80,40
46,-17,0,-97,-15,80,40
46,-17,0,-97,-15,80,40
46,-17,0,-97,-15,80,40
46,-17,0,-97,-15,80,40
46,-17,0,-97,-15,80,40
46,-17,0,-97,-15,80,40
46,-17,0,-97,-15,80,40
46,-17,0,-97,-15,80,40
46,-17,0,-97,-15,80,40
46,-17,0,-97,-15,80,40
46,-17,0,-97,-15,80,40
46,-17,0,-97,-15,80,40
46,-17,0,-97,-15,80,40
46,-17,0,-97,-15,80,40
46,-17,0,-97,-15,80,40
46,-17,0,-97,-15,80,40
46,-17,0,-97,-15,80,40
46,-17,0,-97,-15,80,40
46,-17,0,-97,-15,80,40
46,-17,0,-97,-15,80,40
46,-17,0,-97,-15,80,40
46,-17,0,-97,-15,80,40
46,-17,0,-97,-15,80,40
46,-17,0,-97,-15,80,40
46,-17,0,-97,-15,80,40
46,-17,0,-97,-15,80,40
46,-17,0,-97,-15,80,40
46,-17,0,-97,-15,80,40
46,-17,0,-97,-15,80,40
46,-17,0,-97,-15,80,40
46,-17,0,-97,-15,80,40
46,-17,0,-97,-15,80,40
46,-17,0,-97,-15,80,40
46,-17,0,-97,-15,80,40
46,-17,0,-97,-15,80,40
46,-17,0,-97,-15,80,40
46,-17,0,-97,-15,80,40
46,-17,0,-97,-15,80,40
46,-17,0,-97,-15,80,40
46,-17,0,-97,-15,80,40
46,-17,0,-97,-15,80,40
46,-17,0,-97,-15,80,40
46,-17,0,-97,-15,80,40
46,-17,0,-97,-15,80,40
46,-17,0,-97,-15,80,40
46,-17,0,-97,-15,80,40
46,-17,0,-97,-15,80,40
46,-17,0,-97,-15,80,40
46,-17,0,-97,-15,80,40
46,-17,0,-97,-15,80,40
46,-17,0,-97,-15,80,40
46,-17,0,-97,-15,80,40
46,-17,0,-97,-15,80,40
46,-17,0,-97,-15,80,40
46,-17,0,-97,-15,80,40
46,-17,0,-97,-15,80,40
46,-17,0,-97,-15,80,40
46,-17,0,-97,-15,80,40
46,-17,0,-97,-15,80,40
46,-17,0,-97,-15,80,40
46,-17,0,-97,-15,80,40
46,-17,0,-97,-15,80,40
46,-17,0,-97,-15,80,40
46,-17,0,-97,-15,80,40
46,-17,0,-97,-15,80,40
46,-17,0,-97,-15,80,40
46,-17,0,-97,-15,80,40
47,1,0,-99,1,65,120
47,1,0,-99,1,65,120
47,1,0,-99,1,65,120
47,1,0,-99,1,65,120
47,1,0,-99,1,65,120
47,1,0,-99,1,65,120
47,1,0,-99,1,65,120
47,1,0,-99,1,65,120
47,1,0,-99,1,65,120
47,1,0,-99,1,65,120
47,1,0,-99,1,65,120
47,1,0,-99,1,65,120
47,1,0,-99,1,65,120
47,1,0,-99,1,65,120
47,1,0,-99,1,65,120
47,1,0,-99,1,65,120
47,1,0,-99,1,65,120
47,1,0,-99,1,65,120
47,1,0,-99,1,65,120
47,1,0,-99,1,65,120
47,1,0,-99,1,65,120
47,1,0,-99,1,65,120
47,1,0,-99,1,65,120
47,1,0,-99,1,65,120
47,1,0,-99,1,65,120
47,1,0,-99,1,65,120
47,1,0,-99,1,65,120
47,1,0,-99,1,65,120
47,1,0,-99,1,65,120
47,1,0,-99,1,65,120
47,1,0,-99,1,65,120
47,1,0,-99,1,65,120
47,1,0,-99,1,65,120
47,1,0,-99,1,65,120
47,1,0,-99,1,65,120
47,1,0,-99,1,65,120
47,1,0,-99,1,65,120
47,1,0,-99,1,65,120
47,1,0,-99,1,65,120
47,1,0,-99,1,65,120
47,1,0,-99,1,65,120
47,1,0,-99,1,65,120
47,1,0,-99,1,65,120
47,1,0,-99,1,65,120
47,1,0,-99,1,65,120
47,1,0,-99,1,65,120
47,1,0,-99,1,65,120
47,1,0,-99,1,65,120
47,1,0,-99,1,65,120
47,1,0,-99,1,65,120
47,1,0,-99,1,65,120
47,1,0,-99,1,65,120
47,1,0,-99,1,65,120
47,1,0,-99,1,65,120
47,1,0,-99,1,65,120
47,1,0,-99,1,65,120
47,1,0,-99,1,65,120
47,1,0,-99,1,65,120
47,1,0,-99,1,65,120
47,1,0,-99,1,65,120
47,1,0,-99,1,65,120
47,1,0,-99,1,65,120
47,1,0,-99,1,65,120
47,1,0,-99,1,65,120
47,1,0,-99,1,65,120
47,1,0,-99,1,65,120
47,1,0,-99,1,65,120
47,1,0,-99,1,65,120
47,1,0,-99,1,65,120
47,1,0,-99,1,65,120
47,1,0,-99,1,65,120
47,1,0,-99,1,65,120
47,1,0,-99,1,65,120
47,1,0,-99,1,65,120
47,1,0,-99,1,65,120
47,1,0,-99,1,65,120
48,29,1,-91,27,44,80
48,29,1,-91,27,44,80
48,29,1,-91,27,44,80
48,29,1,-91,27,44,80
48,29,1,-91,27,44,80
48,29,1,-91,27,44,80
48,29,1,-91,27,44,80
48,29,1,-91,27,44,80
48,29,1,-91,27,44,80
48,29,1,-91,27,44,80
48,29,1,-91,27,44,80
48,29,1,-91,27,44,80
48,29,1,-91,27,44,80
48,29,1,-91,27,44,80
48,29,1,-91,27,44,80
48,29,1,-91,27,44,80
48,29,1,-91,27,44,80
48,29,1,-91,27,44,80
48,29,1,-91,27,44,80
48,29,1,-91,27,44,80
48,29,1,-91,27,44,80
48,29,1,-91,27,44,80
48,29,1,-91,27,44,80
48,29,1,-91,27,44,80
48,29,1,-91,27,44,80
48,29,1,-91,27,44,80
48,29,1,-91,27,44,80
48,29,1,-91,27,44,80
48,29,1,-91,27,44,80
48,29,1,-91,27,44,80
48,29,1,-91,27,44,80
48,29,1,-91,27,44,80
48,29,1,-91,27,44,80
48,29,1,-91,27,44,80
48,29,1,-91,27,44,80
48,29,1,-91,27,44,80
48,29,1,-91,27,44,80
48,29,1,-91,27,44,80
48,29,1,-91,27,44,80
48,29,1,-91,27,44,80
48,29,1,-91,27,44,80
48,29,1,-91,27,44,80
48,29,1,-91,27,44,80
48,29,1,-91,27,44,80
48,29,1,-91,27,44,80
48,29,1,-91,27,44,80
48,29,1,-91,27,44,80
48,29,1,-91,27,44,80
48,29,1,-91,27,44,80
48,29,1,-91,27,44,80
48,29,1,-91,27,44,80
48,29,1,-91,27,44,80
48,29,1,-91,27,44,80
48,29,1,-91,27,44,80
48,29,1,-91,27,44,80
48,29,1,-91,27,44,80
48,29,1,-91,27,44,80
48,29,1,-91,27,44,80
48,29,1,-91,27,44,80
48,29,1,-91,27,44,80
48,29,1,-91,27,44,80
48,29,1,-91,27,44,80
48,29,1,-91,27,44,80
48,29,1,-91,27,44,80
48,29,1,-91,27,44,80
48,29,1,-91,27,44,80
48,29,1,-91,27,44,80
48,29,1,-91,27,44,80
49,24,0,-94,22,226,0
49,24,0,-94,22,226,0
49,24,0,-94,22,226,0
49,24,0,-94,22,226,0
49,24,0,-94,22,226,0
49,24,0,-94,22,226,0
49,24,0,-94,22,226,0
49,24,0,-94,22,226,0
49,24,0,-94,22,226,0
49,24,0,-94,22,226,0
49,24,0,-94,22,226,0
49,24,0,-94,22,226,0
49,24,0,-94,22,226,0
49,24,0,-94,22,226,0
49,24,0,-94,22,226,0
49,24,0,-94,22,226,0
49,24,0,-94,22,226,0
49,24,0,-94,22,226,0
49,24,0,-94,22,226,0
49,24,0,-94,22,226,0
49,24,0,-94,22,226,0
49,24,0,-94,22,226,0
49,24,0,-94,22,226,0
49,24,0,-94,22,226,0
49,24,0,-94,22,226,0
49,24,0,-94,22,226,0
49,24,0,-94,22,226,0
49,24,0,-94,22,226,0
49,24,0,-94,22,226,0
49,24,0,-94,22,226,0
49,24,0,-94,22,226,0
49,24,0,-94,22,226,0
49,24,0,-94,22,226,0
49,24,0,-94,22,226,0
49,24,0,-94,22,226,0
49,24,0,-94,22,226,0
49,24,0,-94,22,226,0
49,24,0,-94,22,226,0
49,24,0,-94,22,226,0
49,24,0,-94,22,226,0
49,24,0,-94,22,226,0
49,24,0,-94,22,226,0
49,24,0,-94,22,226,0
49,24,0,-94,22,226,0
49,24,0,-94,22,226,0
49,24,0,-94,22,226,0
49,24,0,-94,22,226,0
49,24,0,-94,22,226,0
49,24,0,-94,22,226,0
49,24,0,-94,22,226,0
49,24,0,-94,22,226,0
49,24,0,-94,22,226,0
49,24,0,-94,22,226,0
49,24,0,-94,22,226,0
49,24,0,-94,22,226,0
49,24,0,-94,22,226,0
49,24,0,-94,22,226,0
49,24,0,-94,22,226,0
49,24,0,-94,22,226,0
49,24,0,-94,22,226,0
49,24,0,-94,22,226,0
49,24,0,-94,22,226,0
49,24,0,-94,22,226,0
49,24,0,-94,22,226,0
49,24,0,-94,22,226,0
49,24,0,-94,22,226,0
49,24,0,-94,22,226,0
49,24,0,-94,22,226,0
49,24,0,-94,22,226,0
49,24,0,-94,22,226,0
49,24,0,-94,22,226,0
49,24,0,-94,22,226,0
49,24,0,-94,22,226,0
49,24,0,-94,22,226,0
49,24,0,-94,22,226,0
49,24,0,-94,22,226,0
50,-23,1,-95,-20,23,40
50,-23,1,-95,-20,23,40
50,-23,1,-95,-20,23,40
50,-23,1,-95,-20,23,40
50,-23,1,-95,-20,23,40
50,-23,1,-95,-20,23,40
50,-23,1,-95,-20,23,40
50,-23,1,-95,-20,23,40
50,-23,1,-95,-20,23,40
50,-23,1,-95,-20,23,40
50,-23,1,-95,-20,23,40
50,-23,1,-95,-20,23,40
50,-23,1,-95,-20,23,40
50,-23,1,-95,-20,23,40
50,-23,1,-95,-20,23,40
50,-23,1,-95,-20,23,40
50,-23,1,-95,-20,23,40
50,-23,1,-95,-20,23,40
50,-23,1,-95,-20,23,40
50,-23,1,-95,-20,23,40
50,-23,1,-95,-20,23,40
50,-23,1,-95,-20,23,40
50,-23,1,-95,-20,23,40
50,-23,1,-95,-20,23,40
50,-23,1,-95,-20,23,40
50,-23,1,-95,-20,23,40
50,-23,1,-95,-20,23,40
50,-23,1,-95,-20,23,40
50,-23,1,-95,-20,23,40
50,-23,1,-95,-20,23,40
50,-23,1,-95,-20,23,40
50,-23,1,-95,-20,23,40
50,-23,1,-95,-20,23,40
50,-23,1,-95,-20,23,40
50,-23,1,-95,-20,23,40
50,-23,1,-95,-20,23,40
50,-23,1,-95,-20,23,40
50,-23,1,-95,-20,23,40
50,-23,1,-95,-20,23,40
50,-23,1,-95,-20,23,40
50,-23,1,-95,-20,23,40
50,-23,1,-95,-20,23,40
50,-23,1,-95,-20,23,40
50,-23,1,-95,-20,23,40
50,-23,1,-95,-20,23,40
50,-23,1,-95,-20,23,40
50,-23,1,-95,-20,23,40
50,-23,1,-95,-20,23,40
50,-23,1,-95,-20,23,40
50,-23,1,-95,-20,23,40
50,-23,1,-95,-20,23,40
50,-23,1,-95,-20,23,40
50,-23,1,-95,-20,23,40
50,-23,1,-95,-20,23,40
50,-23,1,-95,-20,23,40
50,-23,1,-95,-20,23,40
50,-23,1,-95,-20,23,40
50,-23,1,-95,-20,23,40
50,-23,1,-95,-20,23,40
50,-23,1,-95,-20,23,40
50,-23,1,-95,-20,23,40
50,-23,1,-95,-20,23,40
50,-23,1,-95,-20,23,40
50,-23,1,-95,-20,23,40
50,-23,1,-95,-20,23,40
50,-23,1,-95,-20,23,40
50,-23,1,-95,-20,23,40
50,-23,1,-95,-20,23,40
50,-23,1,-95,-20,23,40
50,-23,1,-95,-20,23,40
51,-28,1,-92,-25,260,40
51,-28,1,-92,-25,260,40
51,-28,1,-92,-25,260,40
51,-28,1,-92,-25,260,40
51,-28,1,-92,-25,260,40
51,-28,1,-92,-25,260,40
51,-28,1,-92,-25,260,40
51,-28,1,-92,-25,260,40
51,-28,1,-92,-25,260,40
51,-28,1,-92,-25,260,40
51,-28,1,-92,-25,260,40
51,-28,1,-92,-25,260,40
51,-28,1,-92,-25,260,40
51,-28,1,-92,-25,260,40
51,-28,1,-92,-25,260,40
51,-28,1,-92,-25,260,40
51,-28,1,-92,-25,260,40
51,-28,1,-92,-25,260,40
51,-28,1,-92,-25,260,40
51,-28,1,-92,-25,260,40
51,-28,1,-92,-25,260,40
51,-28,1,-92,-25,260,40
51,-28,1,-92,-25,260,40
51,-28,1,-92,-25,260,40
51,-28,1,-92,-25,260,40
51,-28,1,-92,-25,260,40
51,-28,1,-92,-25,260,40
51,-28,1,-92,-25,260,40
51,-28,1,-92,-25,260,40
51,-28,1,-92,-25,260,40
51,-28,1,-92,-25,260,40
51,-28,1,-92,-25,260,40
51,-28,1,-92,-25,260,40
51,-28,1,-92,-25,260,40
51,-28,1,-92,-25,260,40
51,-28,1,-92,-25,260,40
51,-28,1,-92,-25,260,40
51,-28,1,-92,-25,260,40
51,-28,1,-92,-25,260,40
51,-28,1,-92,-25,260,40
51,-28,1,-92,-25,260,40
51,-28,1,-92,-25,260,40
51,-28,1,-92,-25,260,40
51,-28,1,-92,-25,260,40
51,-28,1,-92,-25,260,40
51,-28,1,-92,-25,260,40
51,-28,1,-92,-25,260,40
51,-28,1,-92,-25,260,40
51,-28,1,-92,-25,260,40
51,-28,1,-92,-25,260,40
51,-28,1,-92,-25,260,40
51,-28,1,-92,-25,260,40
51,-28,1,-92,-25,260,40
51,-28,1,-92,-25,260,40
51,-28,1,-92,-25,260,40
51,-28,1,-92,-25,260,40
51,-28,1,-92,-25,260,40
51,-28,1,-92,-25,260,40
51,-28,1,-92,-25,260,40
51,-28,1,-92,-25,260,40
51,-28,1,-92,-25,260,40
51,-28,1,-92,-25,260,40
51,-28,1,-92,-25,260,40
51,-28,1,-92,-25,260,40
51,-28,1,-92,-25,260,40
51,-28,1,-92,-25,260,40
51,-28,1,-92,-25,260,40
51,-28,1,-92,-25,260,40
51,-28,1,-92,-25,260,40
51,-28,1,-92,-25,260,40
51,-28,1,-92,-25,260,40
51,-28,1,-92,-25,260,40
51,-28,1,-92,-25,260,40
51,-28,1,-92,-25,260,40
51,-28,1,-92,-25,260,40
51,-28,1,-92,-25,260,40
51,-28,1,-92,-25,260,40
51,-28,1,-92,-25,260,40
51,-28,1,-92,-25,260,40
51,-28,1,-92,-25,260,40
51,-28,1,-92,-25,260,40
51,-28,1,-92,-25,260,40
51,-28,1,-92,-25,260,40
52,-9,1,-99,-8,65,80
52,-9,1,-99,-8,65,80
52,-9,1,-99,-8,65,80
52,-9,1,-99,-8,65,80
52,-9,1,-99,-8,65,80
52,-9,1,-99,-8,65,80
52,-9,1,-99,-8,65,80
52,-9,1,-99,-8,65,80
52,-9,1,-99,-8,65,80
52,-9,1,-99,-8,65,80
52,-9,1,-99,-8,65,80
52,-9,1,-99,-8,65,80
52,-9,1,-99,-8,65,80
52,-9,1,-99,-8,65,80
52,-9,1,-99,-8,65,80
52,-9,1,-99,-8,65,80
52,-9,1,-99,-8,65,80
52,-9,1,-99,-8,65,80
52,-9,1,-99,-8,65,80
52,-9,1,-99,-8,65,80
52,-9,1,-99,-8,65,80
52,-9,1,-99,-8,65,80
52,-9,1,-99,-8,65,80
52,-9,1,-99,-8,65,80
52,-9,1,-99,-8,65,80
52,-9,1,-99,-8,65,80
52,-9,1,-99,-8,65,80
52,-9,1,-99,-8,65,80
52,-9,1,-99,-8,65,80
52,-9,1,-99,-8,65,80
52,-9,1,-99,-8,65,80
52,-9,1,-99,-8,65,80
52,-9,1,-99,-8,65,80
52,-9,1,-99,-8,65,80
52,-9,1,-99,-8,65,80
52,-9,1,-99,-8,65,80
52,-9,1,-99,-8,65,80
52,-9,1,-99,-8,65,80
52,-9,1,-99,-8,65,80
52,-9,1,-99,-8,65,80
52,-9,1,-99,-8,65,80
52,-9,1,-99,-8,65,80
52,-9,1,-99,-8,65,80
52,-9,1,-99,-8,65,80
52,-9,1,-99,-8,65,80
52,-9,1,-99,-8,65,80
52,-9,1,-99,-8,65,80
52,-9,1,-99,-8,65,80
52,-9,1,-99,-8,65,80
52,-9,1,-99,-8,65,80
52,-9,1,-99,-8,65,80
52,-9,1,-99,-8,65,80
52,-9,1,-99,-8,65,80
52,-9,1,-99,-8,65,80
52,-9,1,-99,-8,65,80
52,-9,1,-99,-8,65,80
52,-9,1,-99,-8,65,80
52,-9,1,-99,-8,65,80
52,-9,1,-99,-8,65,80
52,-9,1,-99,-8,65,80
52,-9,1,-99,-8,65,80
52,-9,1,-99,-8,65,80
52,-9,1,-99,-8,65,80
52,-9,1,-99,-8,65,80
52,-9,1,-99,-8,65,80
52,-9,1,-99,-8,65,80
52,-9,1,-99,-8,65,80
52,-9,1,-99,-8,65,80
52,-9,1,-99,-8,65,80
52,-9,1,-99,-8,65,80
52,-9,1,-99,-8,65,80
52,-9,1,-99,-8,65,80
52,-9,1,-99,-8,65,80
53,26,0,-92,24,43,0
53,26,0,-92,24,43,0
53,26,0,-92,24,43,0
53,26,0,-92,24,43,0
53,26,0,-92,24,43,0
53,26,0,-92,24,43,0
53,26,0,-92,24,43,0
53,26,0,-92,24,43,0
53,26,0,-92,24,43,0
53,26,0,-92,24,43,0
53,26,0,-92,24,43,0
53,26,0,-92,24,43,0
53,26,0,-92,24,43,0
53,26,0,-92,24,43,0
53,26,0,-92,24,43,0
53,26,0,-92,24,43,0
53,26,0,-92,24,43,0
53,26,0,-92,24,43,0
53,26,0,-92,24,43,0
53,26,0,-92,24,43,0
53,26,0,-92,24,43,0
53,26,0,-92,24,43,0
53,26,0,-92,24,43,0
53,26,0,-92,24,43,0
53,26,0,-92,24,43,0
53,26,0,-92,24,43,0
53,26,0,-92,24,43,0
53,26,0,-92,24,43,0
53,26,0,-92,24,43,0
53,26,0,-92,24,43,0
53,26,0,-92,24,43,0
53,26,0,-92,24,43,0
53,26,0,-92,24,43,0
53,26,0,-92,24,43,0
53,26,0,-92,24,43,0
53,26,0,-92,24,43,0
53,26,0,-92,24,43,0
53,26,0,-92,24,43,0
53,26,0,-92,24,43,0
53,26,0,-92,24,43,0
53,26,0,-92,24,43,0
53,26,0,-92,24,43,0
53,26,0,-92,24,43,0
53,26,0,-92,24,43,0
54,19,1,-96,18,9,-40
54,19,1,-96,18,9,-40
54,19,1,-96,18,9,-40
54,19,1,-96,18,9,-40
54,19,1,-96,18,9,-40
54,19,1,-96,18,9,-40
54,19,1,-96,18,9,-40
54,19,1,-96,18,9,-40
54,19,1,-96,18,9,-40
54,19,1,-96,18,9,-40
54,19,1,-96,18,9,-40
54,19,1,-96,18,9,-40
54,19,1,-96,18,9,-40
54,19,1,-96,18,9,-40
54,19,1,-96,18,9,-40
54,19,1,-96,18,9,-40
54,19,1,-96,18,9,-40
54,19,1,-96,18,9,-40
54,19,1,-96,18,9,-40
54,19,1,-96,18,9,-40
54,19,1,-96,18,9,-40
54,19,1,-96,18,9,-40
54,19,1,-96,18,9,-40
54,19,1,-96,18,9,-40
54,19,1,-96,18,9,-40
54,19,1,-96,18,9,-40
54,19,1,-96,18,9,-40
54,19,1,-96,18,9,-40
54,19,1,-96,18,9,-40
54,19,1,-96,18,9,-40
54,19,1,-96,18,9,-40
54,19,1,-96,18,9,-40
54,19,1,-96,18,9,-40
54,19,1,-96,18,9,-40
54,19,1,-96,18,9,-40
54,19,1,-96,18,9,-40
54,19,1,-96,18,9,-40
54,19,1,-96,18,9,-40
54,19,1,-96,18,9,-40
54,19,1,-96,18,9,-40
54,19,1,-96,18,9,-40
54,19,1,-96,18,9,-40
54,19,1,-96,18,9,-40
54,19,1,-96,18,9,-40
54,19,1,-96,18,9,-40
54,19,1,-96,18,9,-40
54,19,1,-96,18,9,-40
54,19,1,-96,18,9,-40
54,19,1,-96,18,9,-40
54,19,1,-96,18,9,-40
54,19,1,-96,18,9,-40
54,19,1,-96,18,9,-40
54,19,1,-96,18,9,-40
54,19,1,-96,18,9,-40
54,19,1,-96,18,9,-40
54,19,1,-96,18,9,-40
54,19,1,-96,18,9,-40
54,19,1,-96,18,9,-40
54,19,1,-96,18,9,-40
54,19,1,-96,18,9,-40
54,19,1,-96,18,9,-40
54,19,1,-96,18,9,-40
54,19,1,-96,18,9,-40
54,19,1,-96,18,9,-40
54,19,1,-96,18,9,-40
54,19,1,-96,18,9,-40
54,19,1,-96,18,9,-40
54,19,1,-96,18,9,-40
54,19,1,-96,18,9,-40
54,19,1,-96,18,9,-40
54,19,1,-96,18,9,-40
54,19,1,-96,18,9,-40
54,19,1,-96,18,9,-40
54,19,1,-96,18,9,-40
54,19,1,-96,18,9,-40
54,19,1,-96,18,9,-40
54,19,1,-96,18,9,-40
55,-3,1,-99,-2,-2,-40
55,-3,1,-99,-2,-2,-40
55,-3,1,-99,-2,-2,-40
55,-3,1,-99,-2,-2,-40
55,-3,1,-99,-2,-2,-40
55,-3,1,-99,-2,-2,-40
55,-3,1,-99,-2,-2,-40
55,-3,1,-99,-2,-2,-40
55,-3,1,-99,-2,-2,-40
55,-3,1,-99,-2,-2,-40
55,-3,1,-99,-2,-2,-40
55,-3,1,-99,-2,-2,-40
55,-3,1,-99,-2,-2,-40
55,-3,1,-99,-2,-2,-40
55,-3,1,-99,-2,-2,-40
55,-3,1,-99,-2,-2,-40
55,-3,1,-99,-2,-2,-40
55,-3,1,-99,-2,-2,-40
55,-3,1,-99,-2,-2,-40
55,-3,1,-99,-2,-2,-40
55,-3,1,-99,-2,-2,-40
55,-3,1,-99,-2,-2,-40
55,-3,1,-99,-2,-2,-40
55,-3,1,-99,-2,-2,-40
55,-3,1,-99,-2,-2,-40
55,-3,1,-99,-2,-2,-40
55,-3,1,-99,-2,-2,-40
55,-3,1,-99,-2,-2,-40
55,-3,1,-99,-2,-2,-40
55,-3,1,-99,-2,-2,-40
55,-3,1,-99,-2,-2,-40
55,-3,1,-99,-2,-2,-40
55,-3,1,-99,-2,-2,-40
55,-3,1,-99,-2,-2,-40
55,-3,1,-99,-2,-2,-40
55,-3,1,-99,-2,-2,-40
55,-3,1,-99,-2,-2,-40
55,-3,1,-99,-2,-2,-40
55,-3,1,-99,-2,-2,-40
55,-3,1,-99,-2,-2,-40
55,-3,1,-99,-2,-2,-40
55,-3,1,-99,-2,-2,-40
55,-3,1,-99,-2,-2,-40
55,-3,1,-99,-2,-2,-40
55,-3,1,-99,-2,-2,-40
55,-3,1,-99,-2,-2,-40
55,-3,1,-99,-2,-2,-40
55,-3,1,-99,-2,-2,-40
55,-3,1,-99,-2,-2,-40
55,-3,1,-99,-2,-2,-40
55,-3,1,-99,-2,-2,-40
55,-3,1,-99,-2,-2,-40
55,-3,1,-99,-2,-2,-40
55,-3,1,-99,-2,-2,-40
55,-3,1,-99,-2,-2,-40
55,-3,1,-99,-2,-2,-40
55,-3,1,-99,-2,-2,-40
55,-3,1,-99,-2,-2,-40
55,-3,1,-99,-2,-2,-40
55,-3,1,-99,-2,-2,-40
55,-3,1,-99,-2,-2,-40
55,-3,1,-99,-2,-2,-40
55,-3,1,-99,-2,-2,-40
55,-3,1,-99,-2,-2,-40
55,-3,1,-99,-2,-2,-40
55,-3,1,-99,-2,-2,-40
55,-3,1,-99,-2,-2,-40
55,-3,1,-99,-2,-2,-40
55,-3,1,-99,-2,-2,-40
55,-3,1,-99,-2,-2,-40
55,-3,1,-99,-2,-2,-40
55,-3,1,-99,-2,-2,-40
55,-3,1,-99,-2,-2,-40
55,-3,1,-99,-2,-2,-40
55,-3,1,-99,-2,-2,-40
56,-17,1,-97,-15,-16,-80
56,-17,1,-97,-15,-16,-80
56,-17,1,-97,-15,-16,-80
56,-17,1,-97,-15,-16,-80
56,-17,1,-97,-15,-16,-80
56,-17,1,-97,-15,-16,-80
56,-17,1,-97,-15,-16,-80
56,-17,1,-97,-15,-16,-80
56,-17,1,-97,-15,-16,-80
56,-17,1,-97,-15,-16,-80
56,-17,1,-97,-15,-16,-80
56,-17,1,-97,-15,-16,-80
56,-17,1,-97,-15,-16,-80
56,-17,1,-97,-15,-16,-80
56,-17,1,-97,-15,-16,-80
56,-17,1,-97,-15,-16,-80
56,-17,1,-97,-15,-16,-80
56,-17,1,-97,-15,-16,-80
56,-17,1,-97,-15,-16,-80
56,-17,1,-97,-15,-16,-80
56,-17,1,-97,-15,-16,-80
56,-17,1,-97,-15,-16,-80
56,-17,1,-97,-15,-16,-80
56,-17,1,-97,-15,-16,-80
56,-17,1,-97,-15,-16,-80
56,-17,1,-97,-15,-16,-80
56,-17,1,-97,-15,-16,-80
56,-17,1,-97,-15,-16,-80
56,-17,1,-97,-15,-16,-80
56,-17,1,-97,-15,-16,-80
56,-17,1,-97,-15,-16,-80
56,-17,1,-97,-15,-16,-80
56,-17,1,-97,-15,-16,-80
56,-17,1,-97,-15,-16,-80
56,-17,1,-97,-15,-16,-80
56,-17,1,-97,-15,-16,-80
56,-17,1,-97,-15,-16,-80
56,-17,1,-97,-15,-16,-80
56,-17,1,-97,-15,-16,-80
56,-17,1,-97,-15,-16,-80
56,-17,1,-97,-15,-16,-80
56,-17,1,-97,-15,-16,-80
56,-17,1,-97,-15,-16,-80
56,-17,1,-97,-15,-16,-80
56,-17,1,-97,-15,-16,-80
56,-17,1,-97,-15,-16,-80
56,-17,1,-97,-15,-16,-80
56,-17,1,-97,-15,-16,-80
56,-17,1,-97,-15,-16,-80
56,-17,1,-97,-15,-16,-80
56,-17,1,-97,-15,-16,-80
56,-17,1,-97,-15,-16,-80
56,-17,1,-97,-15,-16,-80
56,-17,1,-97,-15,-16,-80
56,-17,1,-97,-15,-16,-80
56,-17,1,-97,-15,-16,-80
56,-17,1,-97,-15,-16,-80
56,-17,1,-97,-15,-16,-80
56,-17,1,-97,-15,-16,-80
56,-17,1,-97,-15,-16,-80
56,-17,1,-97,-15,-16,-80
56,-17,1,-97,-15,-16,-80
56,-17,1,-97,-15,-16,-80
56,-17,1,-97,-15,-16,-80
56,-17,1,-97,-15,-16,-80
56,-17,1,-97,-15,-16,-80
56,-17,1,-97,-15,-16,-80
56,-17,1,-97,-15,-16,-80
56,-17,1,-97,-15,-16,-80
56,-17,1,-97,-15,-16,-80
56,-17,1,-97,-15,-16,-80
56,-17,1,-97,-15,-16,-80
56,-17,1,-97,-15,-16,-80
56,-17,1,-97,-15,-16,-80
56,-17,1,-97,-15,-16,-80
56,-17,1,-97,-15,-16,-80
56,-17,1,-97,-15,-16,-80
56,-17,1,-97,-15,-16,-80
56,-17,1,-97,-15,-16,-80
56,-17,1,-97,-15,-16,-80
56,-17,1,-97,-15,-16,-80
57,-15,1,-97,-13,15,-120
57,-15,1,-97,-13,15,-120
57,-15,1,-97,-13,15,-120
57,-15,1,-97,-13,15,-120
57,-15,1,-97,-13,15,-120
57,-15,1,-97,-13,15,-120
57,-15,1,-97,-13,15,-120
57,-15,1,-97,-13,15,-120
57,-15,1,-97,-13,15,-120
57,-15,1,-97,-13,15,-120
57,-15,1,-97,-13,15,-120
57,-15,1,-97,-13,15,-120
57,-15,1,-97,-13,15,-120
57,-15,1,-97,-13,15,-120
57,-15,1,-97,-13,15,-120
57,-15,1,-97,-13,15,-120
57,-15,1,-97,-13,15,-120
57,-15,1,-97,-13,15,-120
57,-15,1,-97,-13,15,-120
57,-15,1,-97,-13,15,-120
57,-15,1,-97,-13,15,-120
57,-15,1,-97,-13,15,-120
57,-15,1,-97,-13,15,-120
57,-15,1,-97,-13,15,-120
57,-15,1,-97,-13,15,-120
57,-15,1,-97,-13,15,-120
57,-15,1,-97,-13,15,-120
57,-15,1,-97,-13,15,-120
57,-15,1,-97,-13,15,-120
57,-15,1,-97,-13,15,-120
57,-15,1,-97,-13,15,-120
57,-15,1,-97,-13,15,-120
57,-15,1,-97,-13,15,-120
57,-15,1,-97,-13,15,-120
57,-15,1,-97,-13,15,-120
57,-15,1,-97,-13,15,-120
57,-15,1,-97,-13,15,-120
57,-15,1,-97,-13,15,-120
57,-15,1,-97,-13,15,-120
57,-15,1,-97,-13,15,-120
57,-15,1,-97,-13,15,-120
57,-15,1,-97,-13,15,-120
57,-15,1,-97,-13,15,-120
57,-15,1,-97,-13,15,-120
57,-15,1,-97,-13,15,-120
57,-15,1,-97,-13,15,-120
57,-15,1,-97,-13,15,-120
57,-15,1,-97,-13,15,-120
57,-15,1,-97,-13,15,-120
57,-15,1,-97,-13,15,-120
57,-15,1,-97,-13,15,-120
57,-15,1,-97,-13,15,-120
57,-15,1,-97,-13,15,-120
57,-15,1,-97,-13,15,-120
57,-15,1,-97,-13,15,-120
57,-15,1,-97,-13,15,-120
57,-15,1,-97,-13,15,-120
57,-15,1,-97,-13,15,-120
57,-15,1,-97,-13,15,-120
57,-15,1,-97,-13,15,-120
57,-15,1,-97,-13,15,-120
57,-15,1,-97,-13,15,-120
57,-15,1,-97,-13,15,-120
57,-15,1,-97,-13,15,-120
57,-15,1,-97,-13,15,-120
57,-15,1,-97,-13,15,-120
57,-15,1,-97,-13,15,-120
57,-15,1,-97,-13,15,-120
57,-15,1,-97,-13,15,-120
57,-15,1,-97,-13,15,-120
57,-15,1,-97,-13,15,-120
57,-15,1,-97,-13,15,-120
57,-15,1,-97,-13,15,-120
57,-15,1,-97,-13,15,-120
57,-15,1,-97,-13,15,-120
57,-15,1,-97,-13,15,-120
57,-15,1,-97,-13,15,-120
57,-15,1,-97,-13,15,-120
57,-15,1,-97,-13,15,-120
57,-15,1,-97,-13,15,-120
57,-15,1,-97,-13,15,-120
57,-15,1,-97,-13,15,-120
57,-15,1,-97,-13,15,-120
58,0,0,-100,0,0,-160
58,0,0,-100,0,0,-160
58,0,0,-100,0,0,-160
58,0,0,-100,0,0,-160
58,0,0,-100,0,0,-160
58,0,0,-100,0,0,-160
58,0,0,-100,0,0,-160
58,0,0,-100,0,0,-160
58,0,0,-100,0,0,-160
58,0,0,-100,0,0,-160
58,0,0,-100,0,0,-160
58,0,0,-100,0,0,-160
58,0,0,-100,0,0,-160
58,0,0,-100,0,0,-160
58,0,0,-100,0,0,-160
58,0,0,-100,0,0,-160
58,0,0,-100,0,0,-160
58,0,0,-100,0,0,-160
58,0,0,-100,0,0,-160
58,0,0,-100,0,0,-160
58,0,0,-100,0,0,-160
58,0,0,-100,0,0,-160
58,0,0,-100,0,0,-160
58,0,0,-100,0,0,-160
58,0,0,-100,0,0,-160
58,0,0,-100,0,0,-160
58,0,0,-100,0,0,-160
58,0,0,-100,0,0,-160
58,0,0,-100,0,0,-160
58,0,0,-100,0,0,-160
58,0,0,-100,0,0,-160
58,0,0,-100,0,0,-160
58,0,0,-100,0,0,-160
58,0,0,-100,0,0,-160
58,0,0,-100,0,0,-160
58,0,0,-100,0,0,-160
58,0,0,-100,0,0,-160
58,0,0,-100,0,0,-160
58,0,0,-100,0,0,-160
58,0,0,-100,0,0,-160
58,0,0,-100,0,0,-160
58,0,0,-100,0,0,-160
58,0,0,-100,0,0,-160
58,0,0,-100,0,0,-160
58,0,0,-100,0,0,-160
58,0,0,-100,0,0,-160
58,0,0,-100,0,0,-160
58,0,0,-100,0,0,-160
58,0,0,-100,0,0,-160
58,0,0,-100,0,0,-160
58,0,0,-100,0,0,-160
58,0,0,-100,0,0,-160
58,0,0,-100,0,0,-160
58,0,0,-100,0,0,-160
58,0,0,-100,0,0,-160
58,0,0,-100,0,0,-160
58,0,0,-100,0,0,-160
58,0,0,-100,0,0,-160
58,0,0,-100,0,0,-160
58,0,0,-100,0,0,-160
58,0,0,-100,0,0,-160
58,0,0,-100,0,0,-160
58,0,0,-100,0,0,-160
58,0,0,-100,0,0,-160
58,0,0,-100,0,0,-160
58,0,0,-100,0,0,-160
58,0,0,-100,0,0,-160
58,0,0,-100,0,0,-160
58,0,0,-100,0,0,-160
58,0,0,-100,0,0,-160
58,0,0,-100,0,0,-160
58,0,0,-100,0,0,-160
58,0,0,-100,0,0,-160
58,0,0,-100,0,0,-160
58,0,0,-100,0,0,-160
59,-2,1,-99,-1,91,-120
59,-2,1,-99,-1,91,-120
59,-2,1,-99,-1,91,-120
59,-2,1,-99,-1,91,-120
59,-2,1,-99,-1,91,-120
59,-2,1,-99,-1,91,-120
59,-2,1,-99,-1,91,-120
59,-2,1,-99,-1,91,-120
59,-2,1,-99,-1,91,-120
59,-2,1,-99,-1,91,-120
59,-2,1,-99,-1,91,-120
59,-2,1,-99,-1,91,-120
59,-2,1,-99,-1,91,-120
59,-2,1,-99,-1,91,-120
59,-2,1,-99,-1,91,-120
59,-2,1,-99,-1,91,-120
59,-2,1,-99,-1,91,-120
59,-2,1,-99,-1,91,-120
59,-2,1,-99,-1,91,-120
59,-2,1,-99,-1,91,-120
59,-2,1,-99,-1,91,-120
59,-2,1,-99,-1,91,-120
59,-2,1,-99,-1,91,-120
59,-2,1,-99,-1,91,-120
59,-2,1,-99,-1,91,-120
59,-2,1,-99,-1,91,-120
59,-2,1,-99,-1,91,-120
59,-2,1,-99,-1,91,-120
59,-2,1,-99,-1,91,-120
59,-2,1,-99,-1,91,-120
59,-2,1,-99,-1,91,-120
59,-2,1,-99,-1,91,-120
59,-2,1,-99,-1,91,-120
59,-2,1,-99,-1,91,-120
59,-2,1,-99,-1,91,-120
59,-2,1,-99,-1,91,-120
59,-2,1,-99,-1,91,-120
59,-2,1,-99,-1,91,-120
59,-2,1,-99,-1,91,-120
59,-2,1,-99,-1,91,-120
59,-2,1,-99,-1,91,-120
59,-2,1,-99,-1,91,-120
59,-2,1,-99,-1,91,-120
59,-2,1,-99,-1,91,-120
59,-2,1,-99,-1,91,-120
59,-2,1,-99,-1,91,-120
59,-2,1,-99,-1,91,-120
59,-2,1,-99,-1,91,-120
59,-2,1,-99,-1,91,-120
59,-2,1,-99,-1,91,-120
59,-2,1,-99,-1,91,-120
59,-2,1,-99,-1,91,-120
59,-2,1,-99,-1,91,-120
59,-2,1,-99,-1,91,-120
59,-2,1,-99,-1,91,-120
59,-2,1,-99,-1,91,-120
59,-2,1,-99,-1,91,-120
59,-2,1,-99,-1,91,-120
59,-2,1,-99,-1,91,-120
59,-2,1,-99,-1,91,-120
59,-2,1,-99,-1,91,-120
59,-2,1,-99,-1,91,-120
59,-2,1,-99,-1,91,-120
59,-2,1,-99,-1,91,-120
59,-2,1,-99,-1,91,-120
59,-2,1,-99,-1,91,-120
59,-2,1,-99,-1,91,-120
59,-2,1,-99,-1,91,-120
59,-2,1,-99,-1,91,-120
59,-2,1,-99,-1,91,-120
59,-2,1,-99,-1,91,-120
59,-2,1,-99,-1,91,-120
59,-2,1,-99,-1,91,-120
59,-2,1,-99,-1,91,-120
60,9,1,-99,9,12,-160
60,9,1,-99,9,12,-160
60,9,1,-99,9,12,-160
60,9,1,-99,9,12,-160
60,9,1,-99,9,12,-160
60,9,1,-99,9,12,-160
60,9,1,-99,9,12,-160
60,9,1,-99,9,12,-160
60,9,1,-99,9,12,-160
60,9,1,-99,9,12,-160
60,9,1,-99,9,12,-160
60,9,1,-99,9,12,-160
60,9,1,-99,9,12,-160
60,9,1,-99,9,12,-160
60,9,1,-99,9,12,-160
60,9,1,-99,9,12,-160
60,9,1,-99,9,12,-160
60,9,1,-99,9,12,-160
60,9,1,-99,9,12,-160
60,9,1,-99,9,12,-160
60,9,1,-99,9,12,-160
60,9,1,-99,9,12,-160
60,9,1,-99,9,12,-160
60,9,1,-99,9,12,-160
60,9,1,-99,9,12,-160
60,9,1,-99,9,12,-160
60,9,1,-99,9,12,-160
60,9,1,-99,9,12,-160
60,9,1,-99,9,12,-160
60,9,1,-99,9,12,-160
60,9,1,-99,9,12,-160
60,9,1,-99,9,12,-160
60,9,1,-99,9,12,-160
60,9,1,-99,9,12,-160
60,9,1,-99,9,12,-160
60,9,1,-99,9,12,-160
60,9,1,-99,9,12,-160
60,9,1,-99,9,12,-160
60,9,1,-99,9,12,-160
60,9,1,-99,9,12,-160
60,9,1,-99,9,12,-160
60,9,1,-99,9,12,-160
60,9,1,-99,9,12,-160
60,9,1,-99,9,12,-160
60,9,1,-99,9,12,-160
60,9,1,-99,9,12,-160
60,9,1,-99,9,12,-160
60,9,1,-99,9,12,-160
60,9,1,-99,9,12,-160
60,9,1,-99,9,12,-160
60,9,1,-99,9,12,-160
60,9,1,-99,9,12,-160
60,9,1,-99,9,12,-160
60,9,1,-99,9,12,-160
60,9,1,-99,9,12,-160
60,9,1,-99,9,12,-160
60,9,1,-99,9,12,-160
60,9,1,-99,9,12,-160
60,9,1,-99,9,12,-160
60,9,1,-99,9,12,-160
60,9,1,-99,9,12,-160
60,9,1,-99,9,12,-160
60,9,1,-99,9,12,-160
60,9,1,-99,9,12,-160
60,9,1,-99,9,12,-160
60,9,1,-99,9,12,-160
60,9,1,-99,9,12,-160
60,9,1,-99,9,12,-160
60,9,1,-99,9,12,-160
60,9,1,-99,9,12,-160
60,9,1,-99,9,12,-160
60,9,1,-99,9,12,-160
60,9,1,-99,9,12,-160
61,6,0,-99,6,29,-200
61,6,0,-99,6,29,-200
61,6,0,-99,6,29,-200
61,6,0,-99,6,29,-200
61,6,0,-99,6,29,-200
61,6,0,-99,6,29,-200
61,6,0,-99,6,29,-200
61,6,0,-99,6,29,-200
61,6,0,-99,6,29,-200
61,6,0,-99,6,29,-200
61,6,0,-99,6,29,-200
61,6,0,-99,6,29,-200
61,6,0,-99,6,29,-200
61,6,0,-99,6,29,-200
61,6,0,-99,6,29,-200
61,6,0,-99,6,29,-200
61,6,0,-99,6,29,-200
61,6,0,-99,6,29,-200
61,6,0,-99,6,29,-200
61,6,0,-99,6,29,-200
61,6,0,-99,6,29,-200
61,6,0,-99,6,29,-200
61,6,0,-99,6,29,-200
61,6,0,-99,6,29,-200
61,6,0,-99,6,29,-200
61,6,0,-99,6,29,-200
61,6,0,-99,6,29,-200
61,6,0,-99,6,29,-200
61,6,0,-99,6,29,-200
61,6,0,-99,6,29,-200
61,6,0,-99,6,29,-200
61,6,0,-99,6,29,-200
61,6,0,-99,6,29,-200
61,6,0,-99,6,29,-200
61,6,0,-99,6,29,-200
61,6,0,-99,6,29,-200
61,6,0,-99,6,29,-200
61,6,0,-99,6,29,-200
61,6,0,-99,6,29,-200
61,6,0,-99,6,29,-200
61,6,0,-99,6,29,-200
61,6,0,-99,6,29,-200
61,6,0,-99,6,29,-200
61,6,0,-99,6,29,-200
61,6,0,-99,6,29,-200
61,6,0,-99,6,29,-200
61,6,0,-99,6,29,-200
61,6,0,-99,6,29,-200
61,6,0,-99,6,29,-200
61,6,0,-99,6,29,-200
61,6,0,-99,6,29,-200
61,6,0,-99,6,29,-200
61,6,0,-99,6,29,-200
61,6,0,-99,6,29,-200
61,6,0,-99,6,29,-200
61,6,0,-99,6,29,-200
61,6,0,-99,6,29,-200
61,6,0,-99,6,29,-200
61,6,0,-99,6,29,-200
61,6,0,-99,6,29,-200
61,6,0,-99,6,29,-200
61,6,0,-99,6,29,-200
61,6,0,-99,6,29,-200
61,6,0,-99,6,29,-200
61,6,0,-99,6,29,-200
61,6,0,-99,6,29,-200
61,6,0,-99,6,29,-200
61,6,0,-99,6,29,-200
61,6,0,-99,6,29,-200
61,6,0,-99,6,29,-200
61,6,0,-99,6,29,-200
61,6,0,-99,6,29,-200
61,6,0,-99,6,29,-200
61,6,0,-99,6,29,-200
61,6,0,-99,6,29,-200
62,-15,0,-97,-13,104,-160
62,-15,0,-97,-13,104,-160
62,-15,0,-97,-13,104,-160
62,-15,0,-97,-13,104,-160
62,-15,0,-97,-13,104,-160
62,-15,0,-97,-13,104,-160
62,-15,0,-97,-13,104,-160
62,-15,0,-97,-13,104,-160
62,-15,0,-97,-13,104,-160
62,-15,0,-97,-13,104,-160
62,-15,0,-97,-13,104,-160
62,-15,0,-97,-13,104,-160
62,-15,0,-97,-13,104,-160
62,-15,0,-97,-13,104,-160
62,-15,0,-97,-13,104,-160
62,-15,0,-97,-13,104,-160
62,-15,0,-97,-13,104,-160
62,-15,0,-97,-13,104,-160
62,-15,0,-97,-13,104,-160
62,-15,0,-97,-13,104,-160
62,-15,0,-97,-13,104,-160
62,-15,0,-97,-13,104,-160
62,-15,0,-97,-13,104,-160
62,-15,0,-97,-13,104,-160
62,-15,0,-97,-13,104,-160
62,-15,0,-97,-13,104,-160
62,-15,0,-97,-13,104,-160
62,-15,0,-97,-13,104,-160
62,-15,0,-97,-13,104,-160
62,-15,0,-97,-13,104,-160
62,-15,0,-97,-13,104,-160
62,-15,0,-97,-13,104,-160
62,-15,0,-97,-13,104,-160
62,-15,0,-97,-13,104,-160
62,-15,0,-97,-13,104,-160
62,-15,0,-97,-13,104,-160
62,-15,0,-97,-13,104,-160
62,-15,0,-97,-13,104,-160
62,-15,0,-97,-13,104,-160
62,-15,0,-97,-13,104,-160
62,-15,0,-97,-13,104,-160
62,-15,0,-97,-13,104,-160
62,-15,0,-97,-13,104,-160
62,-15,0,-97,-13,104,-160
62,-15,0,-97,-13,104,-160
62,-15,0,-97,-13,104,-160
62,-15,0,-97,-13,104,-160
62,-15,0,-97,-13,104,-160
62,-15,0,-97,-13,104,-160
62,-15,0,-97,-13,104,-160
62,-15,0,-97,-13,104,-160
62,-15,0,-97,-13,104,-160
62,-15,0,-97,-13,104,-160
62,-15,0,-97,-13,104,-160
62,-15,0,-97,-13,104,-160
62,-15,0,-97,-13,104,-160
62,-15,0,-97,-13,104,-160
62,-15,0,-97,-13,104,-160
62,-15,0,-97,-13,104,-160
62,-15,0,-97,-13,104,-160
62,-15,0,-97,-13,104,-160
62,-15,0,-97,-13,104,-160
62,-15,0,-97,-13,104,-160
62,-15,0,-97,-13,104,-160
62,-15,0,-97,-13,104,-160
62,-15,0,-97,-13,104,-160
62,-15,0,-97,-13,104,-160
62,-15,0,-97,-13,104,-160
62,-15,0,-97,-13,104,-160
62,-15,0,-97,-13,104,-160
62,-15,0,-97,-13,104,-160
62,-15,0,-97,-13,104,-160
62,-15,0,-97,-13,104,-160
62,-15,0,-97,-13,104,-160
63,-17,0,-97,-15,76,-120
63,-17,0,-97,-15,76,-120
63,-17,0,-97,-15,76,-120
63,-17,0,-97,-15,76,-120
63,-17,0,-97,-15,76,-120
63,-17,0,-97,-15,76,-120
63,-17,0,-97,-15,76,-120
63,-17,0,-97,-15,76,-120
63,-17,0,-97,-15,76,-120
63,-17,0,-97,-15,76,-120
63,-17,0,-97,-15,76,-120
63,-17,0,-97,-15,76,-120
63,-17,0,-97,-15,76,-120
63,-17,0,-97,-15,76,-120
63,-17,0,-97,-15,76,-120
63,-17,0,-97,-15,76,-120
63,-17,0,-97,-15,76,-120
63,-17,0,-97,-15,76,-120
63,-17,0,-97,-15,76,-120
63,-17,0,-97,-15,76,-120
63,-17,0,-97,-15,76,-120
63,-17,0,-97,-15,76,-120
63,-17,0,-97,-15,76,-120
63,-17,0,-97,-15,76,-120
63,-17,0,-97,-15,76,-120
63,-17,0,-97,-15,76,-120
63,-17,0,-97,-15,76,-120
63,-17,0,-97,-15,76,-120
63,-17,0,-97,-15,76,-120
63,-17,0,-97,-15,76,-120
63,-17,0,-97,-15,76,-120
63,-17,0,-97,-15,76,-120
63,-17,0,-97,-15,76,-120
63,-17,0,-97,-15,76,-120
63,-17,0,-97,-15,76,-120
63,-17,0,-97,-15,76,-120
63,-17,0,-97,-15,76,-120
63,-17,0,-97,-15,76,-120
63,-17,0,-97,-15,76,-120
63,-17,0,-97,-15,76,-120
63,-17,0,-97,-15,76,-120
63,-17,0,-97,-15,76,-120
63,-17,0,-97,-15,76,-120
63,-17,0,-97,-15,76,-120
63,-17,0,-97,-15,76,-120
63,-17,0,-97,-15,76,-120
63,-17,0,-97,-15,76,-120
63,-17,0,-97,-15,76,-120
63,-17,0,-97,-15,76,-120
63,-17,0,-97,-15,76,-120
63,-17,0,-97,-15,76,-120
63,-17,0,-97,-15,76,-120
63,-17,0,-97,-15,76,-120
63,-17,0,-97,-15,76,-120
63,-17,0,-97,-15,76,-120
63,-17,0,-97,-15,76,-120
63,-17,0,-97,-15,76,-120
63,-17,0,-97,-15,76,-120
63,-17,0,-97,-15,76,-120
63,-17,0,-97,-15,76,-120
63,-17,0,-97,-15,76,-120
63,-17,0,-97,-15,76,-120
63,-17,0,-97,-15,76,-120
63,-17,0,-97,-15,76,-120
63,-17,0,-97,-15,76,-120
63,-17,0,-97,-15,76,-120
63,-17,0,-97,-15,76,-120
63,-17,0,-97,-15,76,-120
63,-17,0,-97,-15,76,-120
63,-17,0,-97,-15,76,-120
63,-17,0,-97,-15,76,-120
63,-17,0,-97,-15,76,-120
63,-17,0,-97,-15,76,-120
64,-3,0,-99,-2,126,-80
64,-3,0,-99,-2,126,-80
64,-3,0,-99,-2,126,-80
64,-3,0,-99,-2,126,-80
64,-3,0,-99,-2,126,-80
64,-3,0,-99,-2,126,-80
64,-3,0,-99,-2,126,-80
64,-3,0,-99,-2,126,-80
64,-3,0,-99,-2,126,-80
64,-3,0,-99,-2,126,-80
64,-3,0,-99,-2,126,-80
64,-3,0,-99,-2,126,-80
64,-3,0,-99,-2,126,-80
64,-3,0,-99,-2,126,-80
64,-3,0,-99,-2,126,-80
64,-3,0,-99,-2,126,-80
64,-3,0,-99,-2,126,-80
64,-3,0,-99,-2,126,-80
64,-3,0,-99,-2,126,-80
64,-3,0,-99,-2,126,-80
64,-3,0,-99,-2,126,-80
64,-3,0,-99,-2,126,-80
64,-3,0,-99,-2,126,-80
64,-3,0,-99,-2,126,-80
64,-3,0,-99,-2,126,-80
64,-3,0,-99,-2,126,-80
64,-3,0,-99,-2,126,-80
64,-3,0,-99,-2,126,-80
64,-3,0,-99,-2,126,-80
64,-3,0,-99,-2,126,-80
64,-3,0,-99,-2,126,-80
64,-3,0,-99,-2,126,-80
64,-3,0,-99,-2,126,-80
64,-3,0,-99,-2,126,-80
64,-3,0,-99,-2,126,-80
64,-3,0,-99,-2,126,-80
64,-3,0,-99,-2,126,-80
64,-3,0,-99,-2,126,-80
64,-3,0,-99,-2,126,-80
64,-3,0,-99,-2,126,-80
64,-3,0,-99,-2,126,-80
64,-3,0,-99,-2,126,-80
64,-3,0,-99,-2,126,-80
64,-3,0,-99,-2,126,-80
64,-3,0,-99,-2,126,-80
64,-3,0,-99,-2,126,-80
64,-3,0,-99,-2,126,-80
64,-3,0,-99,-2,126,-80
64,-3,0,-99,-2,126,-80
64,-3,0,-99,-2,126,-80
64,-3,0,-99,-2,126,-80
64,-3,0,-99,-2,126,-80
64,-3,0,-99,-2,126,-80
64,-3,0,-99,-2,126,-80
64,-3,0,-99,-2,126,-80
64,-3,0,-99,-2,126,-80
64,-3,0,-99,-2,126,-80
64,-3,0,-99,-2,126,-80
64,-3,0,-99,-2,126,-80
64,-3,0,-99,-2,126,-80
64,-3,0,-99,-2,126,-80
64,-3,0,-99,-2,126,-80
64,-3,0,-99,-2,126,-80
64,-3,0,-99,-2,126,-80
64,-3,0,-99,-2,126,-80
64,-3,0,-99,-2,126,-80
64,-3,0,-99,-2,126,-80
64,-3,0,-99,-2,126,-80
64,-3,0,-99,-2,126,-80
64,-3,0,-99,-2,126,-80
64,-3,0,-99,-2,126,-80
64,-3,0,-99,-2,126,-80
64,-3,0,-99,-2,126,-80
64,-3,0,-99,-2,126,-80
65,11,0,-98,10,135,-40
65,11,0,-98,10,135,-40
65,11,0,-98,10,135,-40
65,11,0,-98,10,135,-40
65,11,0,-98,10,135,-40
65,11,0,-98,10,135,-40
65,11,0,-98,10,135,-40
65,11,0,-98,10,135,-40
65,11,0,-98,10,135,-40
65,11,0,-98,10,135,-40
65,11,0,-98,10,135,-40
65,11,0,-98,10,135,-40
65,11,0,-98,10,135,-40
65,11,0,-98,10,135,-40
65,11,0,-98,10,135,-40
65,11,0,-98,10,135,-40
65,11,0,-98,10,135,-40
65,11,0,-98,10,135,-40
65,11,0,-98,10,135,-40
65,11,0,-98,10,135,-40
65,11,0,-98,10,135,-40
65,11,0,-98,10,135,-40
65,11,0,-98,10,135,-40
65,11,0,-98,10,135,-40
65,11,0,-98,10,135,-40
65,11,0,-98,10,135,-40
65,11,0,-98,10,135,-40
65,11,0,-98,10,135,-40
65,11,0,-98,10,135,-40
65,11,0,-98,10,135,-40
65,11,0,-98,10,135,-40
65,11,0,-98,10,135,-40
65,11,0,-98,10,135,-40
65,11,0,-98,10,135,-40
65,11,0,-98,10,135,-40
65,11,0,-98,10,135,-40
65,11,0,-98,10,135,-40
65,11,0,-98,10,135,-40
65,11,0,-98,10,135,-40
65,11,0,-98,10,135,-40
65,11,0,-98,10,135,-40
65,11,0,-98,10,135,-40
65,11,0,-98,10,135,-40
65,11,0,-98,10,135,-40
65,11,0,-98,10,135,-40
65,11,0,-98,10,135,-40
65,11,0,-98,10,135,-40
65,11,0,-98,10,135,-40
65,11,0,-98,10,135,-40
65,11,0,-98,10,135,-40
65,11,0,-98,10,135,-40
65,11,0,-98,10,135,-40
65,11,0,-98,10,135,-40
65,11,0,-98,10,135,-40
65,11,0,-98,10,135,-40
65,11,0,-98,10,135,-40
65,11,0,-98,10,135,-40
65,11,0,-98,10,135,-40
66,11,1,-98,10,108,0
66,11,1,-98,10,108,0
66,11,1,-98,10,108,0
66,11,1,-98,10,108,0
66,11,1,-98,10,108,0
66,11,1,-98,10,108,0
66,11,1,-98,10,108,0
66,11,1,-98,10,108,0
66,11,1,-98,10,108,0
66,11,1,-98,10,108,0
66,11,1,-98,10,108,0
66,11,1,-98,10,108,0
66,11,1,-98,10,108,0
66,11,1,-98,10,108,0
66,11,1,-98,10,108,0
66,11,1,-98,10,108,0
66,11,1,-98,10,108,0
66,11,1,-98,10,108,0
66,11,1,-98,10,108,0
66,11,1,-98,10,108,0
66,11,1,-98,10,108,0
66,11,1,-98,10,108,0
66,11,1,-98,10,108,0
66,11,1,-98,10,108,0
66,11,1,-98,10,108,0
66,11,1,-98,10,108,0
66,11,1,-98,10,108,0
66,11,1,-98,10,108,0
66,11,1,-98,10,108,0
66,11,1,-98,10,108,0
66,11,1,-98,10,108,0
66,11,1,-98,10,108,0
66,11,1,-98,10,108,0
66,11,1,-98,10,108,0
66,11,1,-98,10,108,0
66,11,1,-98,10,108,0
66,11,1,-98,10,108,0
66,11,1,-98,10,108,0
66,11,1,-98,10,108,0
66,11,1,-98,10,108,0
66,11,1,-98,10,108,0
66,11,1,-98,10,108,0
66,11,1,-98,10,108,0
66,11,1,-98,10,108,0
67,9,0,-99,9,2,-40
67,9,0,-99,9,2,-40
67,9,0,-99,9,2,-40
67,9,0,-99,9,2,-40
67,9,0,-99,9,2,-40
67,9,0,-99,9,2,-40
67,9,0,-99,9,2,-40
67,9,0,-99,9,2,-40
67,9,0,-99,9,2,-40
67,9,0,-99,9,2,-40
67,9,0,-99,9,2,-40
67,9,0,-99,9,2,-40
67,9,0,-99,9,2,-40
67,9,0,-99,9,2,-40
67,9,0,-99,9,2,-40
67,9,0,-99,9,2,-40
67,9,0,-99,9,2,-40
67,9,0,-99,9,2,-40
67,9,0,-99,9,2,-40
67,9,0,-99,9,2,-40
67,9,0,-99,9,2,-40
67,9,0,-99,9,2,-40
67,9,0,-99,9,2,-40
67,9,0,-99,9,2,-40
67,9,0,-99,9,2,-40
67,9,0,-99,9,2,-40
67,9,0,-99,9,2,-40
67,9,0,-99,9,2,-40
67,9,0,-99,9,2,-40
67,9,0,-99,9,2,-40
67,9,0,-99,9,2,-40
67,9,0,-99,9,2,-40
67,9,0,-99,9,2,-40
67,9,0,-99,9,2,-40
67,9,0,-99,9,2,-40
67,9,0,-99,9,2,-40
67,9,0,-99,9,2,-40
67,9,0,-99,9,2,-40
67,9,0,-99,9,2,-40
67,9,0,-99,9,2,-40
67,9,0,-99,9,2,-40
67,9,0,-99,9,2,-40
67,9,0,-99,9,2,-40
67,9,0,-99,9,2,-40
67,9,0,-99,9,2,-40
67,9,0,-99,9,2,-40
67,9,0,-99,9,2,-40
67,9,0,-99,9,2,-40
67,9,0,-99,9,2,-40
67,9,0,-99,9,2,-40
67,9,0,-99,9,2,-40
67,9,0,-99,9,2,-40
67,9,0,-99,9,2,-40
67,9,0,-99,9,2,-40
67,9,0,-99,9,2,-40
67,9,0,-99,9,2,-40
67,9,0,-99,9,2,-40
67,9,0,-99,9,2,-40
67,9,0,-99,9,2,-40
67,9,0,-99,9,2,-40
67,9,0,-99,9,2,-40
67,9,0,-99,9,2,-40
67,9,0,-99,9,2,-40
67,9,0,-99,9,2,-40
67,9,0,-99,9,2,-40
67,9,0,-99,9,2,-40
67,9,0,-99,9,2,-40
67,9,0,-99,9,2,-40
67,9,0,-99,9,2,-40
67,9,0,-99,9,2,-40
67,9,0,-99,9,2,-40
67,9,0,-99,9,2,-40
68,-13,0,-98,-11,125,0
68,-13,0,-98,-11,125,0
68,-13,0,-98,-11,125,0
68,-13,0,-98,-11,125,0
68,-13,0,-98,-11,125,0
68,-13,0,-98,-11,125,0
68,-13,0,-98,-11,125,0
68,-13,0,-98,-11,125,0
68,-13,0,-98,-11,125,0
68,-13,0,-98,-11,125,0
68,-13,0,-98,-11,125,0
68,-13,0,-98,-11,125,0
68,-13,0,-98,-11,125,0
68,-13,0,-98,-11,125,0
68,-13,0,-98,-11,125,0
68,-13,0,-98,-11,125,0
68,-13,0,-98,-11,125,0
68,-13,0,-98,-11,125,0
68,-13,0,-98,-11,125,0
68,-13,0,-98,-11,125,0
68,-13,0,-98,-11,125,0
68,-13,0,-98,-11,125,0
68,-13,0,-98,-11,125,0
68,-13,0,-98,-11,125,0
68,-13,0,-98,-11,125,0
68,-13,0,-98,-11,125,0
68,-13,0,-98,-11,125,0
68,-13,0,-98,-11,125,0
68,-13,0,-98,-11,125,0
68,-13,0,-98,-11,125,0
68,-13,0,-98,-11,125,0
68,-13,0,-98,-11,125,0
68,-13,0,-98,-11,125,0
68,-13,0,-98,-11,125,0
68,-13,0,-98,-11,125,0
68,-13,0,-98,-11,125,0
68,-13,0,-98,-11,125,0
68,-13,0,-98,-11,125,0
68,-13,0,-98,-11,125,0
68,-13,0,-98,-11,125,0
68,-13,0,-98,-11,125,0
68,-13,0,-98,-11,125,0
68,-13,0,-98,-11,125,0
68,-13,0,-98,-11,125,0
68,-13,0,-98,-11,125,0
68,-13,0,-98,-11,125,0
68,-13,0,-98,-11,125,0
68,-13,0,-98,-11,125,0
68,-13,0,-98,-11,125,0
68,-13,0,-98,-11,125,0
68,-13,0,-98,-11,125,0
68,-13,0,-98,-11,125,0
68,-13,0,-98,-11,125,0
68,-13,0,-98,-11,125,0
68,-13,0,-98,-11,125,0
68,-13,0,-98,-11,125,0
68,-13,0,-98,-11,125,0
68,-13,0,-98,-11,125,0
68,-13,0,-98,-11,125,0
68,-13,0,-98,-11,125,0
68,-13,0,-98,-11,125,0
68,-13,0,-98,-11,125,0
68,-13,0,-98,-11,125,0
68,-13,0,-98,-11,125,0
68,-13,0,-98,-11,125,0
68,-13,0,-98,-11,125,0
68,-13,0,-98,-11,125,0
68,-13,0,-98,-11,125,0
68,-13,0,-98,-11,125,0
68,-13,0,-98,-11,125,0
68,-13,0,-98,-11,125,0
68,-13,0,-98,-11,125,0
68,-13,0,-98,-11,125,0
68,-13,0,-98,-11,125,0
68,-13,0,-98,-11,125,0
69,-19,0,-96,-17,148,40
69,-19,0,-96,-17,148,40
69,-19,0,-96,-17,148,40
69,-19,0,-96,-17,148,40
69,-19,0,-96,-17,148,40
69,-19,0,-96,-17,148,40
69,-19,0,-96,-17,148,40
69,-19,0,-96,-17,148,40
69,-19,0,-96,-17,148,40
69,-19,0,-96,-17,148,40
69,-19,0,-96,-17,148,40
69,-19,0,-96,-17,148,40
69,-19,0,-96,-17,148,40
69,-19,0,-96,-17,148,40
69,-19,0,-96,-17,148,40
69,-19,0,-96,-17,148,40
69,-19,0,-96,-17,148,40
69,-19,0,-96,-17,148,40
69,-19,0,-96,-17,148,40
69,-19,0,-96,-17,148,40
69,-19,0,-96,-17,148,40
69,-19,0,-96,-17,148,40
69,-19,0,-96,-17,148,40
69,-19,0,-96,-17,148,40
69,-19,0,-96,-17,148,40
69,-19,0,-96,-17,148,40
69,-19,0,-96,-17,148,40
69,-19,0,-96,-17,148,40
69,-19,0,-96,-17,148,40
69,-19,0,-96,-17,148,40
69,-19,0,-96,-17,148,40
69,-19,0,-96,-17,148,40
69,-19,0,-96,-17,148,40
69,-19,0,-96,-17,148,40
69,-19,0,-96,-17,148,40
69,-19,0,-96,-17,148,40
69,-19,0,-96,-17,148,40
69,-19,0,-96,-17,148,40
69,-19,0,-96,-17,148,40
69,-19,0,-96,-17,148,40
69,-19,0,-96,-17,148,40
69,-19,0,-96,-17,148,40
69,-19,0,-96,-17,148,40
69,-19,0,-96,-17,148,40
69,-19,0,-96,-17,148,40
69,-19,0,-96,-17,148,40
69,-19,0,-96,-17,148,40
69,-19,0,-96,-17,148,40
69,-19,0,-96,-17,148,40
69,-19,0,-96,-17,148,40
69,-19,0,-96,-17,148,40
69,-19,0,-96,-17,148,40
69,-19,0,-96,-17,148,40
69,-19,0,-96,-17,148,40
69,-19,0,-96,-17,148,40
69,-19,0,-96,-17,148,40
69,-19,0,-96,-17,148,40
69,-19,0,-96,-17,148,40
69,-19,0,-96,-17,148,40
69,-19,0,-96,-17,148,40
69,-19,0,-96,-17,148,40
69,-19,0,-96,-17,148,40
69,-19,0,-96,-17,148,40
69,-19,0,-96,-17,148,40
69,-19,0,-96,-17,148,40
69,-19,0,-96,-17,148,40
69,-19,0,-96,-17,148,40
69,-19,0,-96,-17,148,40
69,-19,0,-96,-17,148,40
69,-19,0,-96,-17,148,40
70,-6,1,-99,-5,105,80
70,-6,1,-99,-5,105,80
70,-6,1,-99,-5,105,80
70,-6,1,-99,-5,105,80
70,-6,1,-99,-5,105,80
70,-6,1,-99,-5,105,80
70,-6,1,-99,-5,105,80
70,-6,1,-99,-5,105,80
70,-6,1,-99,-5,105,80
70,-6,1,-99,-5,105,80
70,-6,1,-99,-5,105,80
70,-6,1,-99,-5,105,80
70,-6,1,-99,-5,105,80
70,-6,1,-99,-5,105,80
70,-6,1,-99,-5,105,80
70,-6,1,-99,-5,105,80
70,-6,1,-99,-5,105,80
70,-6,1,-99,-5,105,80
70,-6,1,-99,-5,105,80
70,-6,1,-99,-5,105,80
70,-6,1,-99,-5,105,80
70,-6,1,-99,-5,105,80
70,-6,1,-99,-5,105,80
70,-6,1,-99,-5,105,80
70,-6,1,-99,-5,105,80
70,-6,1,-99,-5,105,80
70,-6,1,-99,-5,105,80
70,-6,1,-99,-5,105,80
70,-6,1,-99,-5,105,80
70,-6,1,-99,-5,105,80
70,-6,1,-99,-5,105,80
70,-6,1,-99,-5,105,80
70,-6,1,-99,-5,105,80
70,-6,1,-99,-5,105,80
70,-6,1,-99,-5,105,80
70,-6,1,-99,-5,105,80
70,-6,1,-99,-5,105,80
70,-6,1,-99,-5,105,80
70,-6,1,-99,-5,105,80
70,-6,1,-99,-5,105,80
70,-6,1,-99,-5,105,80
70,-6,1,-99,-5,105,80
70,-6,1,-99,-5,105,80
70,-6,1,-99,-5,105,80
70,-6,1,-99,-5,105,80
70,-6,1,-99,-5,105,80
70,-6,1,-99,-5,105,80
70,-6,1,-99,-5,105,80
70,-6,1,-99,-5,105,80
70,-6,1,-99,-5,105,80
70,-6,1,-99,-5,105,80
70,-6,1,-99,-5,105,80
70,-6,1,-99,-5,105,80
70,-6,1,-99,-5,105,80
70,-6,1,-99,-5,105,80
70,-6,1,-99,-5,105,80
70,-6,1,-99,-5,105,80
70,-6,1,-99,-5,105,80
70,-6,1,-99,-5,105,80
70,-6,1,-99,-5,105,80
70,-6,1,-99,-5,105,80
70,-6,1,-99,-5,105,80
70,-6,1,-99,-5,105,80
70,-6,1,-99,-5,105,80
70,-6,1,-99,-5,105,80
70,-6,1,-99,-5,105,80
70,-6,1,-99,-5,105,80
70,-6,1,-99,-5,105,80
70,-6,1,-99,-5,105,80
71,21,0,-95,19,5,40
71,21,0,-95,19,5,40
71,21,0,-95,19,5,40
71,21,0,-95,19,5,40
71,21,0,-95,19,5,40
71,21,0,-95,19,5,40
71,21,0,-95,19,5,40
71,21,0,-95,19,5,40
71,21,0,-95,19,5,40
71,21,0,-95,19,5,40
71,21,0,-95,19,5,40
71,21,0,-95,19,5,40
71,21,0,-95,19,5,40
71,21,0,-95,19,5,40
71,21,0,-95,19,5,40
71,21,0,-95,19,5,40
71,21,0,-95,19,5,40
71,21,0,-95,19,5,40
71,21,0,-95,19,5,40
71,21,0,-95,19,5,40
71,21,0,-95,19,5,40
71,21,0,-95,19,5,40
71,21,0,-95,19,5,40
71,21,0,-95,19,5,40
71,21,0,-95,19,5,40
71,21,0,-95,19,5,40
71,21,0,-95,19,5,40
71,21,0,-95,19,5,40
71,21,0,-95,19,5,40
71,21,0,-95,19,5,40
71,21,0,-95,19,5,40
71,21,0,-95,19,5,40
71,21,0,-95,19,5,40
71,21,0,-95,19,5,40
71,21,0,-95,19,5,40
71,21,0,-95,19,5,40
71,21,0,-95,19,5,40
71,21,0,-95,19,5,40
71,21,0,-95,19,5,40
71,21,0,-95,19,5,40
71,21,0,-95,19,5,40
71,21,0,-95,19,5,40
71,21,0,-95,19,5,40
71,21,0,-95,19,5,40
71,21,0,-95,19,5,40
71,21,0,-95,19,5,40
71,21,0,-95,19,5,40
71,21,0,-95,19,5,40
71,21,0,-95,19,5,40
71,21,0,-95,19,5,40
71,21,0,-95,19,5,40
71,21,0,-95,19,5,40
71,21,0,-95,19,5,40
71,21,0,-95,19,5,40
71,21,0,-95,19,5,40
71,21,0,-95,19,5,40
71,21,0,-95,19,5,40
71,21,0,-95,19,5,40
71,21,0,-95,19,5,40
71,21,0,-95,19,5,40
71,21,0,-95,19,5,40
71,21,0,-95,19,5,40
71,21,0,-95,19,5,40
71,21,0,-95,19,5,40
71,21,0,-95,19,5,40
71,21,0,-95,19,5,40
71,21,0,-95,19,5,40
71,21,0,-95,19,5,40
71,21,0,-95,19,5,40
71,21,0,-95,19,5,40
71,21,0,-95,19,5,40
71,21,0,-95,19,5,40
72,9,1,-99,9,119,80
72,9,1,-99,9,119,80
72,9,1,-99,9,119,80
72,9,1,-99,9,119,80
72,9,1,-99,9,119,80
72,9,1,-99,9,119,80
72,9,1,-99,9,119,80
72,9,1,-99,9,119,80
72,9,1,-99,9,119,80
72,9,1,-99,9,119,80
72,9,1,-99,9,119,80
72,9,1,-99,9,119,80
72,9,1,-99,9,119,80
72,9,1,-99,9,119,80
72,9,1,-99,9,119,80
72,9,1,-99,9,119,80
72,9,1,-99,9,119,80
72,9,1,-99,9,119,80
72,9,1,-99,9,119,80
72,9,1,-99,9,119,80
72,9,1,-99,9,119,80
72,9,1,-99,9,119,80
72,9,1,-99,9,119,80
72,9,1,-99,9,119,80
72,9,1,-99,9,119,80
72,9,1,-99,9,119,80
72,9,1,-99,9,119,80
72,9,1,-99,9,119,80
72,9,1,-99,9,119,80
72,9,1,-99,9,119,80
72,9,1,-99,9,119,80
72,9,1,-99,9,119,80
72,9,1,-99,9,119,80
72,9,1,-99,9,119,80
72,9,1,-99,9,119,80
72,9,1,-99,9,119,80
72,9,1,-99,9,119,80
72,9,1,-99,9,119,80
72,9,1,-99,9,119,80
72,9,1,-99,9,119,80
72,9,1,-99,9,119,80
72,9,1,-99,9,119,80
72,9,1,-99,9,119,80
72,9,1,-99,9,119,80
72,9,1,-99,9,119,80
72,9,1,-99,9,119,80
72,9,1,-99,9,119,80
72,9,1,-99,9,119,80
72,9,1,-99,9,119,80
72,9,1,-99,9,119,80
72,9,1,-99,9,119,80
72,9,1,-99,9,119,80
72,9,1,-99,9,119,80
72,9,1,-99,9,119,80
72,9,1,-99,9,119,80
72,9,1,-99,9,119,80
72,9,1,-99,9,119,80
72,9,1,-99,9,119,80
72,9,1,-99,9,119,80
72,9,1,-99,9,119,80
72,9,1,-99,9,119,80
72,9,1,-99,9,119,80
72,9,1,-99,9,119,80
72,9,1,-99,9,119,80
73,1,1,-99,1,10,40
73,1,1,-99,1,10,40
73,1,1,-99,1,10,40
73,1,1,-99,1,10,40
73,1,1,-99,1,10,40
73,1,1,-99,1,10,40
73,1,1,-99,1,10,40
73,1,1,-99,1,10,40
73,1,1,-99,1,10,40
73,1,1,-99,1,10,40
73,1,1,-99,1,10,40
73,1,1,-99,1,10,40
73,1,1,-99,1,10,40
73,1,1,-99,1,10,40
73,1,1,-99,1,10,40
73,1,1,-99,1,10,40
73,1,1,-99,1,10,40
73,1,1,-99,1,10,40
73,1,1,-99,1,10,40
73,1,1,-99,1,10,40
73,1,1,-99,1,10,40
73,1,1,-99,1,10,40
73,1,1,-99,1,10,40
73,1,1,-99,1,10,40
73,1,1,-99,1,10,40
73,1,1,-99,1,10,40
73,1,1,-99,1,10,40
73,1,1,-99,1,10,40
73,1,1,-99,1,10,40
73,1,1,-99,1,10,40
73,1,1,-99,1,10,40
73,1,1,-99,1,10,40
73,1,1,-99,1,10,40
73,1,1,-99,1,10,40
73,1,1,-99,1,10,40
73,1,1,-99,1,10,40
73,1,1,-99,1,10,40
73,1,1,-99,1,10,40
73,1,1,-99,1,10,40
73,1,1,-99,1,10,40
73,1,1,-99,1,10,40
73,1,1,-99,1,10,40
73,1,1,-99,1,10,40
73,1,1,-99,1,10,40
73,1,1,-99,1,10,40
73,1,1,-99,1,10,40
73,1,1,-99,1,10,40
73,1,1,-99,1,10,40
73,1,1,-99,1,10,40
73,1,1,-99,1,10,40
73,1,1,-99,1,10,40
73,1,1,-99,1,10,40
73,1,1,-99,1,10,40
73,1,1,-99,1,10,40
73,1,1,-99,1,10,40
73,1,1,-99,1,10,40
73,1,1,-99,1,10,40
73,1,1,-99,1,10,40
73,1,1,-99,1,10,40
73,1,1,-99,1,10,40
73,1,1,-99,1,10,40
73,1,1,-99,1,10,40
73,1,1,-99,1,10,40
73,1,1,-99,1,10,40
73,1,1,-99,1,10,40
73,1,1,-99,1,10,40
73,1,1,-99,1,10,40
73,1,1,-99,1,10,40
73,1,1,-99,1,10,40
73,1,1,-99,1,10,40
73,1,1,-99,1,10,40
73,1,1,-99,1,10,40
74,-8,0,-99,-7,1,0
74,-8,0,-99,-7,1,0
74,-8,0,-99,-7,1,0
74,-8,0,-99,-7,1,0
74,-8,0,-99,-7,1,0
74,-8,0,-99,-7,1,0
74,-8,0,-99,-7,1,0
74,-8,0,-99,-7,1,0
74,-8,0,-99,-7,1,0
74,-8,0,-99,-7,1,0
74,-8,0,-99,-7,1,0
74,-8,0,-99,-7,1,0
74,-8,0,-99,-7,1,0
74,-8,0,-99,-7,1,0
74,-8,0,-99,-7,1,0
74,-8,0,-99,-7,1,0
74,-8,0,-99,-7,1,0
74,-8,0,-99,-7,1,0
74,-8,0,-99,-7,1,0
74,-8,0,-99,-7,1,0
74,-8,0,-99,-7,1,0
74,-8,0,-99,-7,1,0
74,-8,0,-99,-7,1,0
74,-8,0,-99,-7,1,0
74,-8,0,-99,-7,1,0
74,-8,0,-99,-7,1,0
74,-8,0,-99,-7,1,0
74,-8,0,-99,-7,1,0
74,-8,0,-99,-7,1,0
74,-8,0,-99,-7,1,0
74,-8,0,-99,-7,1,0
74,-8,0,-99,-7,1,0
74,-8,0,-99,-7,1,0
74,-8,0,-99,-7,1,0
74,-8,0,-99,-7,1,0
74,-8,0,-99,-7,1,0
74,-8,0,-99,-7,1,0
74,-8,0,-99,-7,1,0
74,-8,0,-99,-7,1,0
74,-8,0,-99,-7,1,0
74,-8,0,-99,-7,1,0
74,-8,0,-99,-7,1,0
74,-8,0,-99,-7,1,0
74,-8,0,-99,-7,1,0
74,-8,0,-99,-7,1,0
74,-8,0,-99,-7,1,0
74,-8,0,-99,-7,1,0
74,-8,0,-99,-7,1,0
74,-8,0,-99,-7,1,0
74,-8,0,-99,-7,1,0
74,-8,0,-99,-7,1,0
74,-8,0,-99,-7,1,0
74,-8,0,-99,-7,1,0
74,-8,0,-99,-7,1,0
74,-8,0,-99,-7,1,0
74,-8,0,-99,-7,1,0
74,-8,0,-99,-7,1,0
74,-8,0,-99,-7,1,0
74,-8,0,-99,-7,1,0
74,-8,0,-99,-7,1,0
74,-8,0,-99,-7,1,0
74,-8,0,-99,-7,1,0
74,-8,0,-99,-7,1,0
74,-8,0,-99,-7,1,0
74,-8,0,-99,-7,1,0
74,-8,0,-99,-7,1,0
74,-8,0,-99,-7,1,0
74,-8,0,-99,-7,1,0
75,-20,0,-96,-18,97,40
75,-20,0,-96,-18,97,40
75,-20,0,-96,-18,97,40
75,-20,0,-96,-18,97,40
75,-20,0,-96,-18,97,40
75,-20,0,-96,-18,97,40
75,-20,0,-96,-18,97,40
75,-20,0,-96,-18,97,40
75,-20,0,-96,-18,97,40
75,-20,0,-96,-18,97,40
75,-20,0,-96,-18,97,40
75,-20,0,-96,-18,97,40
75,-20,0,-96,-18,97,40
75,-20,0,-96,-18,97,40
75,-20,0,-96,-18,97,40
75,-20,0,-96,-18,97,40
75,-20,0,-96,-18,97,40
75,-20,0,-96,-18,97,40
75,-20,0,-96,-18,97,40
75,-20,0,-96,-18,97,40
75,-20,0,-96,-18,97,40
75,-20,0,-96,-18,97,40
75,-20,0,-96,-18,97,40
75,-20,0,-96,-18,97,40
75,-20,0,-96,-18,97,40
75,-20,0,-96,-18,97,40
75,-20,0,-96,-18,97,40
75,-20,0,-96,-18,97,40
75,-20,0,-96,-18,97,40
75,-20,0,-96,-18,97,40
75,-20,0,-96,-18,97,40
75,-20,0,-96,-18,97,40
75,-20,0,-96,-18,97,40
75,-20,0,-96,-18,97,40
75,-20,0,-96,-18,97,40
75,-20,0,-96,-18,97,40
75,-20,0,-96,-18,97,40
75,-20,0,-96,-18,97,40
75,-20,0,-96,-18,97,40
75,-20,0,-96,-18,97,40
75,-20,0,-96,-18,97,40
75,-20,0,-96,-18,97,40
75,-20,0,-96,-18,97,40
75,-20,0,-96,-18,97,40
75,-20,0,-96,-18,97,40
75,-20,0,-96,-18,97,40
75,-20,0,-96,-18,97,40
75,-20,0,-96,-18,97,40
75,-20,0,-96,-18,97,40
75,-20,0,-96,-18,97,40
75,-20,0,-96,-18,97,40
75,-20,0,-96,-18,97,40
75,-20,0,-96,-18,97,40
75,-20,0,-96,-18,97,40
75,-20,0,-96,-18,97,40
75,-20,0,-96,-18,97,40
75,-20,0,-96,-18,97,40
75,-20,0,-96,-18,97,40
75,-20,0,-96,-18,97,40
75,-20,0,-96,-18,97,40
75,-20,0,-96,-18,97,40
75,-20,0,-96,-18,97,40
75,-20,0,-96,-18,97,40
75,-20,0,-96,-18,97,40
75,-20,0,-96,-18,97,40
75,-20,0,-96,-18,97,40
76,-10,0,-99,-9,165,80
76,-10,0,-99,-9,165,80
76,-10,0,-99,-9,165,80
76,-10,0,-99,-9,165,80
76,-10,0,-99,-9,165,80
76,-10,0,-99,-9,165,80
76,-10,0,-99,-9,165,80
76,-10,0,-99,-9,165,80
76,-10,0,-99,-9,165,80
76,-10,0,-99,-9,165,80
76,-10,0,-99,-9,165,80
76,-10,0,-99,-9,165,80
76,-10,0,-99,-9,165,80
76,-10,0,-99,-9,165,80
76,-10,0,-99,-9,165,80
76,-10,0,-99,-9,165,80
76,-10,0,-99,-9,165,80
76,-10,0,-99,-9,165,80
76,-10,0,-99,-9,165,80
76,-10,0,-99,-9,165,80
76,-10,0,-99,-9,165,80
76,-10,0,-99,-9,165,80
76,-10,0,-99,-9,165,80
76,-10,0,-99,-9,165,80
76,-10,0,-99,-9,165,80
76,-10,0,-99,-9,165,80
76,-10,0,-99,-9,165,80
76,-10,0,-99,-9,165,80
76,-10,0,-99,-9,165,80
76,-10,0,-99,-9,165,80
76,-10,0,-99,-9,165,80
76,-10,0,-99,-9,165,80
76,-10,0,-99,-9,165,80
76,-10,0,-99,-9,165,80
76,-10,0,-99,-9,165,80
76,-10,0,-99,-9,165,80
76,-10,0,-99,-9,165,80
76,-10,0,-99,-9,165,80
76,-10,0,-99,-9,165,80
76,-10,0,-99,-9,165,80
76,-10,0,-99,-9,165,80
76,-10,0,-99,-9,165,80
76,-10,0,-99,-9,165,80
76,-10,0,-99,-9,165,80
76,-10,0,-99,-9,165,80
76,-10,0,-99,-9,165,80
76,-10,0,-99,-9,165,80
76,-10,0,-99,-9,165,80
76,-10,0,-99,-9,165,80
76,-10,0,-99,-9,165,80
76,-10,0,-99,-9,165,80
76,-10,0,-99,-9,165,80
76,-10,0,-99,-9,165,80
76,-10,0,-99,-9,165,80
76,-10,0,-99,-9,165,80
76,-10,0,-99,-9,165,80
76,-10,0,-99,-9,165,80
76,-10,0,-99,-9,165,80
76,-10,0,-99,-9,165,80
76,-10,0,-99,-9,165,80
76,-10,0,-99,-9,165,80
76,-10,0,-99,-9,165,80
77,7,0,-99,7,117,120
77,7,0,-99,7,117,120
77,7,0,-99,7,117,120
77,7,0,-99,7,117,120
77,7,0,-99,7,117,120
77,7,0,-99,7,117,120
77,7,0,-99,7,117,120
77,7,0,-99,7,117,120
77,7,0,-99,7,117,120
77,7,0,-99,7,117,120
77,7,0,-99,7,117,120
77,7,0,-99,7,117,120
77,7,0,-99,7,117,120
77,7,0,-99,7,117,120
77,7,0,-99,7,117,120
77,7,0,-99,7,117,120
77,7,0,-99,7,117,120
77,7,0,-99,7,117,120
77,7,0,-99,7,117,120
77,7,0,-99,7,117,120
77,7,0,-99,7,117,120
77,7,0,-99,7,117,120
77,7,0,-99,7,117,120
77,7,0,-99,7,117,120
77,7,0,-99,7,117,120
77,7,0,-99,7,117,120
77,7,0,-99,7,117,120
77,7,0,-99,7,117,120
77,7,0,-99,7,117,120
77,7,0,-99,7,117,120
77,7,0,-99,7,117,120
77,7,0,-99,7,117,120
77,7,0,-99,7,117,120
77,7,0,-99,7,117,120
77,7,0,-99,7,117,120
77,7,0,-99,7,117,120
77,7,0,-99,7,117,120
77,7,0,-99,7,117,120
77,7,0,-99,7,117,120
77,7,0,-99,7,117,120
77,7,0,-99,7,117,120
77,7,0,-99,7,117,120
77,7,0,-99,7,117,120
77,7,0,-99,7,117,120
77,7,0,-99,7,117,120
77,7,0,-99,7,117,120
77,7,0,-99,7,117,120
77,7,0,-99,7,117,120
77,7,0,-99,7,117,120
77,7,0,-99,7,117,120
77,7,0,-99,7,117,120
77,7,0,-99,7,117,120
77,7,0,-99,7,117,120
77,7,0,-99,7,117,120
77,7,0,-99,7,117,120
77,7,0,-99,7,117,120
77,7,0,-99,7,117,120
77,7,0,-99,7,117,120
77,7,0,-99,7,117,120
77,7,0,-99,7,117,120
77,7,0,-99,7,117,120
77,7,0,-99,7,117,120
77,7,0,-99,7,117,120
77,7,0,-99,7,117,120
77,7,0,-99,7,117,120
77,7,0,-99,7,117,120
77,7,0,-99,7,117,120
77,7,0,-99,7,117,120
77,7,0,-99,7,117,120
77,7,0,-99,7,117,120
77,7,0,-99,7,117,120
77,7,0,-99,7,117,120
77,7,0,-99,7,117,120
77,7,0,-99,7,117,120
77,7,0,-99,7,117,120
77,7,0,-99,7,117,120
77,7,0,-99,7,117,120
77,7,0,-99,7,117,120
77,7,0,-99,7,117,120
77,7,0,-99,7,117,120
78,14,1,-97,13,159,160
78,14,1,-97,13,159,160
78,14,1,-97,13,159,160
78,14,1,-97,13,159,160
78,14,1,-97,13,159,160
78,14,1,-97,13,159,160
78,14,1,-97,13,159,160
78,14,1,-97,13,159,160
78,14,1,-97,13,159,160
78,14,1,-97,13,159,160
78,14,1,-97,13,159,160
78,14,1,-97,13,159,160
78,14,1,-97,13,159,160
78,14,1,-97,13,159,160
78,14,1,-97,13,159,160
78,14,1,-97,13,159,160
78,14,1,-97,13,159,160
78,14,1,-97,13,159,160
78,14,1,-97,13,159,160
78,14,1,-97,13,159,160
78,14,1,-97,13,159,160
78,14,1,-97,13,159,160
78,14,1,-97,13,159,160
78,14,1,-97,13,159,160
78,14,1,-97,13,159,160
78,14,1,-97,13,159,160
78,14,1,-97,13,159,160
78,14,1,-97,13,159,160
78,14,1,-97,13,159,160
78,14,1,-97,13,159,160
78,14,1,-97,13,159,160
78,14,1,-97,13,159,160
78,14,1,-97,13,159,160
78,14,1,-97,13,159,160
78,14,1,-97,13,159,160
78,14,1,-97,13,159,160
78,14,1,-97,13,159,160
78,14,1,-97,13,159,160
78,14,1,-97,13,159,160
78,14,1,-97,13,159,160
78,14,1,-97,13,159,160
78,14,1,-97,13,159,160
78,14,1,-97,13,159,160
78,14,1,-97,13,159,160
78,14,1,-97,13,159,160
78,14,1,-97,13,159,160
78,14,1,-97,13,159,160
78,14,1,-97,13,159,160
78,14,1,-97,13,159,160
78,14,1,-97,13,159,160
78,14,1,-97,13,159,160
78,14,1,-97,13,159,160
78,14,1,-97,13,159,160
78,14,1,-97,13,159,160
78,14,1,-97,13,159,160
78,14,1,-97,13,159,160
78,14,1,-97,13,159,160
78,14,1,-97,13,159,160
78,14,1,-97,13,159,160
78,14,1,-97,13,159,160
78,14,1,-97,13,159,160
78,14,1,-97,13,159,160
78,14,1,-97,13,159,160
78,14,1,-97,13,159,160
78,14,1,-97,13,159,160
78,14,1,-97,13,159,160
78,14,1,-97,13,159,160
78,14,1,-97,13,159,160
78,14,1,-97,13,159,160
78,14,1,-97,13,159,160
78,14,1,-97,13,159,160
79,14,0,-97,13,1,120
79,14,0,-97,13,1,120
79,14,0,-97,13,1,120
79,14,0,-97,13,1,120
79,14,0,-97,13,1,120
79,14,0,-97,13,1,120
79,14,0,-97,13,1,120
79,14,0,-97,13,1,120
79,14,0,-97,13,1,120
79,14,0,-97,13,1,120
79,14,0,-97,13,1,120
79,14,0,-97,13,1,120
79,14,0,-97,13,1,120
79,14,0,-97,13,1,120
79,14,0,-97,13,1,120
79,14,0,-97,13,1,120
79,14,0,-97,13,1,120
79,14,0,-97,13,1,120
79,14,0,-97,13,1,120
79,14,0,-97,13,1,120
79,14,0,-97,13,1,120
79,14,0,-97,13,1,120
79,14,0,-97,13,1,120
79,14,0,-97,13,1,120
79,14,0,-97,13,1,120
79,14,0,-97,13,1,120
79,14,0,-97,13,1,120
79,14,0,-97,13,1,120
79,14,0,-97,13,1,120
79,14,0,-97,13,1,120
79,14,0,-97,13,1,120
79,14,0,-97,13,1,120
79,14,0,-97,13,1,120
79,14,0,-97,13,1,120
79,14,0,-97,13,1,120
79,14,0,-97,13,1,120
79,14,0,-97,13,1,120
79,14,0,-97,13,1,120
79,14,0,-97,13,1,120
79,14,0,-97,13,1,120
79,14,0,-97,13,1,120
79,14,0,-97,13,1,120
79,14,0,-97,13,1,120
79,14,0,-97,13,1,120
79,14,0,-97,13,1,120
79,14,0,-97,13,1,120
79,14,0,-97,13,1,120
79,14,0,-97,13,1,120
79,14,0,-97,13,1,120
79,14,0,-97,13,1,120
79,14,0,-97,13,1,120
79,14,0,-97,13,1,120
79,14,0,-97,13,1,120
79,14,0,-97,13,1,120
79,14,0,-97,13,1,120
79,14,0,-97,13,1,120
79,14,0,-97,13,1,120
79,14,0,-97,13,1,120
79,14,0,-97,13,1,120
79,14,0,-97,13,1,120
79,14,0,-97,13,1,120
79,14,0,-97,13,1,120
79,14,0,-97,13,1,120
80,-10,1,-99,-9,134,160
80,-10,1,-99,-9,134,160
80,-10,1,-99,-9,134,160
80,-10,1,-99,-9,134,160
80,-10,1,-99,-9,134,160
80,-10,1,-99,-9,134,160
80,-10,1,-99,-9,134,160
80,-10,1,-99,-9,134,160
80,-10,1,-99,-9,134,160
80,-10,1,-99,-9,134,160
80,-10,1,-99,-9,134,160
80,-10,1,-99,-9,134,160
80,-10,1,-99,-9,134,160
80,-10,1,-99,-9,134,160
80,-10,1,-99,-9,134,160
80,-10,1,-99,-9,134,160
80,-10,1,-99,-9,134,160
80,-10,1,-99,-9,134,160
80,-10,1,-99,-9,134,160
80,-10,1,-99,-9,134,160
80,-10,1,-99,-9,134,160
80,-10,1,-99,-9,134,160
80,-10,1,-99,-9,134,160
80,-10,1,-99,-9,134,160
80,-10,1,-99,-9,134,160
80,-10,1,-99,-9,134,160
80,-10,1,-99,-9,134,160
80,-10,1,-99,-9,134,160
80,-10,1,-99,-9,134,160
80,-10,1,-99,-9,134,160
80,-10,1,-99,-9,134,160
80,-10,1,-99,-9,134,160
80,-10,1,-99,-9,134,160
80,-10,1,-99,-9,134,160
80,-10,1,-99,-9,134,160
80,-10,1,-99,-9,134,160
80,-10,1,-99,-9,134,160
80,-10,1,-99,-9,134,160
80,-10,1,-99,-9,134,160
80,-10,1,-99,-9,134,160
80,-10,1,-99,-9,134,160
80,-10,1,-99,-9,134,160
80,-10,1,-99,-9,134,160
80,-10,1,-99,-9,134,160
80,-10,1,-99,-9,134,160
80,-10,1,-99,-9,134,160
80,-10,1,-99,-9,134,160
80,-10,1,-99,-9,134,160
80,-10,1,-99,-9,134,160
80,-10,1,-99,-9,134,160
80,-10,1,-99,-9,134,160
81,-10,0,-99,-9,7,120
81,-10,0,-99,-9,7,120
81,-10,0,-99,-9,7,120
81,-10,0,-99,-9,7,120
81,-10,0,-99,-9,7,120
81,-10,0,-99,-9,7,120
81,-10,0,-99,-9,7,120
81,-10,0,-99,-9,7,120
81,-10,0,-99,-9,7,120
81,-10,0,-99,-9,7,120
81,-10,0,-99,-9,7,120
81,-10,0,-99,-9,7,120
81,-10,0,-99,-9,7,120
81,-10,0,-99,-9,7,120
81,-10,0,-99,-9,7,120
81,-10,0,-99,-9,7,120
81,-10,0,-99,-9,7,120
81,-10,0,-99,-9,7,120
81,-10,0,-99,-9,7,120
81,-10,0,-99,-9,7,120
81,-10,0,-99,-9,7,120
81,-10,0,-99,-9,7,120
81,-10,0,-99,-9,7,120
81,-10,0,-99,-9,7,120
81,-10,0,-99,-9,7,120
81,-10,0,-99,-9,7,120
81,-10,0,-99,-9,7,120
81,-10,0,-99,-9,7,120
81,-10,0,-99,-9,7,120
81,-10,0,-99,-9,7,120
81,-10,0,-99,-9,7,120
81,-10,0,-99,-9,7,120
81,-10,0,-99,-9,7,120
81,-10,0,-99,-9,7,120
81,-10,0,-99,-9,7,120
81,-10,0,-99,-9,7,120
81,-10,0,-99,-9,7,120
81,-10,0,-99,-9,7,120
81,-10,0,-99,-9,7,120
81,-10,0,-99,-9,7,120
81,-10,0,-99,-9,7,120
81,-10,0,-99,-9,7,120
81,-10,0,-99,-9,7,120
81,-10,0,-99,-9,7,120
81,-10,0,-99,-9,7,120
81,-10,0,-99,-9,7,120
81,-10,0,-99,-9,7,120
81,-10,0,-99,-9,7,120
81,-10,0,-99,-9,7,120
81,-10,0,-99,-9,7,120
81,-10,0,-99,-9,7,120
81,-10,0,-99,-9,7,120
81,-10,0,-99,-9,7,120
81,-10,0,-99,-9,7,120
81,-10,0,-99,-9,7,120
81,-10,0,-99,-9,7,120
81,-10,0,-99,-9,7,120
81,-10,0,-99,-9,7,120
81,-10,0,-99,-9,7,120
81,-10,0,-99,-9,7,120
81,-10,0,-99,-9,7,120
81,-10,0,-99,-9,7,120
81,-10,0,-99,-9,7,120
81,-10,0,-99,-9,7,120
81,-10,0,-99,-9,7,120
81,-10,0,-99,-9,7,120
81,-10,0,-99,-9,7,120
81,-10,0,-99,-9,7,120
81,-10,0,-99,-9,7,120
81,-10,0,-99,-9,7,120
81,-10,0,-99,-9,7,120
81,-10,0,-99,-9,7,120
81,-10,0,-99,-9,7,120
81,-10,0,-99,-9,7,120
81,-10,0,-99,-9,7,120
81,-10,0,-99,-9,7,120
82,-13,1,-98,-11,165,160
82,-13,1,-98,-11,165,160
82,-13,1,-98,-11,165,160
82,-13,1,-98,-11,165,160
82,-13,1,-98,-11,165,160
82,-13,1,-98,-11,165,160
82,-13,1,-98,-11,165,160
82,-13,1,-98,-11,165,160
82,-13,1,-98,-11,165,160
82,-13,1,-98,-11,165,160
82,-13,1,-98,-11,165,160
82,-13,1,-98,-11,165,160
82,-13,1,-98,-11,165,160
82,-13,1,-98,-11,165,160
82,-13,1,-98,-11,165,160
82,-13,1,-98,-11,165,160
82,-13,1,-98,-11,165,160
82,-13,1,-98,-11,165,160
82,-13,1,-98,-11,165,160
82,-13,1,-98,-11,165,160
82,-13,1,-98,-11,165,160
82,-13,1,-98,-11,165,160
82,-13,1,-98,-11,165,160
82,-13,1,-98,-11,165,160
82,-13,1,-98,-11,165,160
82,-13,1,-98,-11,165,160
82,-13,1,-98,-11,165,160
82,-13,1,-98,-11,165,160
82,-13,1,-98,-11,165,160
82,-13,1,-98,-11,165,160
82,-13,1,-98,-11,165,160
82,-13,1,-98,-11,165,160
82,-13,1,-98,-11,165,160
82,-13,1,-98,-11,165,160
82,-13,1,-98,-11,165,160
82,-13,1,-98,-11,165,160
82,-13,1,-98,-11,165,160
82,-13,1,-98,-11,165,160
82,-13,1,-98,-11,165,160
82,-13,1,-98,-11,165,160
82,-13,1,-98,-11,165,160
82,-13,1,-98,-11,165,160
82,-13,1,-98,-11,165,160
82,-13,1,-98,-11,165,160
82,-13,1,-98,-11,165,160
82,-13,1,-98,-11,165,160
82,-13,1,-98,-11,165,160
82,-13,1,-98,-11,165,160
82,-13,1,-98,-11,165,160
82,-13,1,-98,-11,165,160
82,-13,1,-98,-11,165,160
82,-13,1,-98,-11,165,160
82,-13,1,-98,-11,165,160
82,-13,1,-98,-11,165,160
82,-13,1,-98,-11,165,160
82,-13,1,-98,-11,165,160
82,-13,1,-98,-11,165,160
82,-13,1,-98,-11,165,160
82,-13,1,-98,-11,165,160
82,-13,1,-98,-11,165,160
82,-13,1,-98,-11,165,160
82,-13,1,-98,-11,165,160
82,-13,1,-98,-11,165,160
82,-13,1,-98,-11,165,160
83,8,0,-99,8,5,120
83,8,0,-99,8,5,120
83,8,0,-99,8,5,120
83,8,0,-99,8,5,120
83,8,0,-99,8,5,120
83,8,0,-99,8,5,120
83,8,0,-99,8,5,120
83,8,0,-99,8,5,120
83,8,0,-99,8,5,120
83,8,0,-99,8,5,120
83,8,0,-99,8,5,120
83,8,0,-99,8,5,120
83,8,0,-99,8,5,120
83,8,0,-99,8,5,120
83,8,0,-99,8,5,120
83,8,0,-99,8,5,120
83,8,0,-99,8,5,120
83,8,0,-99,8,5,120
83,8,0,-99,8,5,120
83,8,0,-99,8,5,120
83,8,0,-99,8,5,120
83,8,0,-99,8,5,120
83,8,0,-99,8,5,120
83,8,0,-99,8,5,120
83,8,0,-99,8,5,120
83,8,0,-99,8,5,120
83,8,0,-99,8,5,120
83,8,0,-99,8,5,120
83,8,0,-99,8,5,120
83,8,0,-99,8,5,120
83,8,0,-99,8,5,120
83,8,0,-99,8,5,120
83,8,0,-99,8,5,120
83,8,0,-99,8,5,120
83,8,0,-99,8,5,120
83,8,0,-99,8,5,120
83,8,0,-99,8,5,120
83,8,0,-99,8,5,120
83,8,0,-99,8,5,120
83,8,0,-99,8,5,120
83,8,0,-99,8,5,120
83,8,0,-99,8,5,120
83,8,0,-99,8,5,120
83,8,0,-99,8,5,120
83,8,0,-99,8,5,120
83,8,0,-99,8,5,120
83,8,0,-99,8,5,120
83,8,0,-99,8,5,120
83,8,0,-99,8,5,120
83,8,0,-99,8,5,120
83,8,0,-99,8,5,120
83,8,0,-99,8,5,120
83,8,0,-99,8,5,120
83,8,0,-99,8,5,120
83,8,0,-99,8,5,120
83,8,0,-99,8,5,120
83,8,0,-99,8,5,120
83,8,0,-99,8,5,120
83,8,0,-99,8,5,120
83,8,0,-99,8,5,120
83,8,0,-99,8,5,120
83,8,0,-99,8,5,120
83,8,0,-99,8,5,120
83,8,0,-99,8,5,120
83,8,0,-99,8,5,120
83,8,0,-99,8,5,120
83,8,0,-99,8,5,120
83,8,0,-99,8,5,120
84,5,0,-99,5,163,160
84,5,0,-99,5,163,160
84,5,0,-99,5,163,160
84,5,0,-99,5,163,160
84,5,0,-99,5,163,160
84,5,0,-99,5,163,160
84,5,0,-99,5,163,160
84,5,0,-99,5,163,160
84,5,0,-99,5,163,160
84,5,0,-99,5,163,160
84,5,0,-99,5,163,160
84,5,0,-99,5,163,160
84,5,0,-99,5,163,160
84,5,0,-99,5,163,160
84,5,0,-99,5,163,160
84,5,0,-99,5,163,160
84,5,0,-99,5,163,160
84,5,0,-99,5,163,160
84,5,0,-99,5,163,160
84,5,0,-99,5,163,160
84,5,0,-99,5,163,160
84,5,0,-99,5,163,160
84,5,0,-99,5,163,160
84,5,0,-99,5,163,160
84,5,0,-99,5,163,160
84,5,0,-99,5,163,160
84,5,0,-99,5,163,160
84,5,0,-99,5,163,160
84,5,0,-99,5,163,160
84,5,0,-99,5,163,160
84,5,0,-99,5,163,160
84,5,0,-99,5,163,160
84,5,0,-99,5,163,160
84,5,0,-99,5,163,160
84,5,0,-99,5,163,160
84,5,0,-99,5,163,160
84,5,0,-99,5,163,160
84,5,0,-99,5,163,160
84,5,0,-99,5,163,160
84,5,0,-99,5,163,160
84,5,0,-99,5,163,160
84,5,0,-99,5,163,160
84,5,0,-99,5,163,160
84,5,0,-99,5,163,160
84,5,0,-99,5,163,160
84,5,0,-99,5,163,160
84,5,0,-99,5,163,160
84,5,0,-99,5,163,160
84,5,0,-99,5,163,160
84,5,0,-99,5,163,160
84,5,0,-99,5,163,160
84,5,0,-99,5,163,160
84,5,0,-99,5,163,160
84,5,0,-99,5,163,160
84,5,0,-99,5,163,160
84,5,0,-99,5,163,160
84,5,0,-99,5,163,160
84,5,0,-99,5,163,160
84,5,0,-99,5,163,160
84,5,0,-99,5,163,160
84,5,0,-99,5,163,160
84,5,0,-99,5,163,160
84,5,0,-99,5,163,160
84,5,0,-99,5,163,160
84,5,0,-99,5,163,160
84,5,0,-99,5,163,160
84,5,0,-99,5,163,160
84,5,0,-99,5,163,160
84,5,0,-99,5,163,160
84,5,0,-99,5,163,160
84,5,0,-99,5,163,160
85,-4,0,-99,-3,113,200
85,-4,0,-99,-3,113,200
85,-4,0,-99,-3,113,200
85,-4,0,-99,-3,113,200
85,-4,0,-99,-3,113,200
85,-4,0,-99,-3,113,200
85,-4,0,-99,-3,113,200
85,-4,0,-99,-3,113,200
85,-4,0,-99,-3,113,200
85,-4,0,-99,-3,113,200
85,-4,0,-99,-3,113,200
85,-4,0,-99,-3,113,200
85,-4,0,-99,-3,113,200
85,-4,0,-99,-3,113,200
85,-4,0,-99,-3,113,200
85,-4,0,-99,-3,113,200
85,-4,0,-99,-3,113,200
85,-4,0,-99,-3,113,200
85,-4,0,-99,-3,113,200
85,-4,0,-99,-3,113,200
85,-4,0,-99,-3,113,200
85,-4,0,-99,-3,113,200
85,-4,0,-99,-3,113,200
85,-4,0,-99,-3,113,200
85,-4,0,-99,-3,113,200
85,-4,0,-99,-3,113,200
85,-4,0,-99,-3,113,200
85,-4,0,-99,-3,113,200
85,-4,0,-99,-3,113,200
85,-4,0,-99,-3,113,200
85,-4,0,-99,-3,113,200
85,-4,0,-99,-3,113,200
85,-4,0,-99,-3,113,200
85,-4,0,-99,-3,113,200
85,-4,0,-99,-3,113,200
85,-4,0,-99,-3,113,200
85,-4,0,-99,-3,113,200
85,-4,0,-99,-3,113,200
85,-4,0,-99,-3,113,200
85,-4,0,-99,-3,113,200
85,-4,0,-99,-3,113,200
85,-4,0,-99,-3,113,200
85,-4,0,-99,-3,113,200
85,-4,0,-99,-3,113,200
85,-4,0,-99,-3,113,200
85,-4,0,-99,-3,113,200
85,-4,0,-99,-3,113,200
85,-4,0,-99,-3,113,200
85,-4,0,-99,-3,113,200
85,-4,0,-99,-3,113,200
85,-4,0,-99,-3,113,200
85,-4,0,-99,-3,113,200
85,-4,0,-99,-3,113,200
85,-4,0,-99,-3,113,200
85,-4,0,-99,-3,113,200
85,-4,0,-99,-3,113,200
85,-4,0,-99,-3,113,200
85,-4,0,-99,-3,113,200
85,-4,0,-99,-3,113,200
85,-4,0,-99,-3,113,200
85,-4,0,-99,-3,113,200
85,-4,0,-99,-3,113,200
85,-4,0,-99,-3,113,200
85,-4,0,-99,-3,113,200
85,-4,0,-99,-3,113,200
85,-4,0,-99,-3,113,200
85,-4,0,-99,-3,113,200
86,-7,1,-99,-6,116,240
86,-7,1,-99,-6,116,240
86,-7,1,-99,-6,116,240
86,-7,1,-99,-6,116,240
86,-7,1,-99,-6,116,240
86,-7,1,-99,-6,116,240
86,-7,1,-99,-6,116,240
86,-7,1,-99,-6,116,240
86,-7,1,-99,-6,116,240
86,-7,1,-99,-6,116,240
86,-7,1,-99,-6,116,240
86,-7,1,-99,-6,116,240
86,-7,1,-99,-6,116,240
86,-7,1,-99,-6,116,240
86,-7,1,-99,-6,116,240
86,-7,1,-99,-6,116,240
86,-7,1,-99,-6,116,240
86,-7,1,-99,-6,116,240
86,-7,1,-99,-6,116,240
86,-7,1,-99,-6,116,240
86,-7,1,-99,-6,116,240
86,-7,1,-99,-6,116,240
86,-7,1,-99,-6,116,240
86,-7,1,-99,-6,116,240
86,-7,1,-99,-6,116,240
86,-7,1,-99,-6,116,240
86,-7,1,-99,-6,116,240
86,-7,1,-99,-6,116,240
86,-7,1,-99,-6,116,240
86,-7,1,-99,-6,116,240
86,-7,1,-99,-6,116,240
86,-7,1,-99,-6,116,240
86,-7,1,-99,-6,116,240
86,-7,1,-99,-6,116,240
86,-7,1,-99,-6,116,240
86,-7,1,-99,-6,116,240
86,-7,1,-99,-6,116,240
86,-7,1,-99,-6,116,240
86,-7,1,-99,-6,116,240
86,-7,1,-99,-6,116,240
86,-7,1,-99,-6,116,240
86,-7,1,-99,-6,116,240
86,-7,1,-99,-6,116,240
86,-7,1,-99,-6,116,240
86,-7,1,-99,-6,116,240
86,-7,1,-99,-6,116,240
86,-7,1,-99,-6,116,240
86,-7,1,-99,-6,116,240
86,-7,1,-99,-6,116,240
86,-7,1,-99,-6,116,240
86,-7,1,-99,-6,116,240
86,-7,1,-99,-6,116,240
86,-7,1,-99,-6,116,240
86,-7,1,-99,-6,116,240
86,-7,1,-99,-6,116,240
86,-7,1,-99,-6,116,240
86,-7,1,-99,-6,116,240
86,-7,1,-99,-6,116,240
86,-7,1,-99,-6,116,240
87,7,1,-99,7,13,200
87,7,1,-99,7,13,200
87,7,1,-99,7,13,200
87,7,1,-99,7,13,200
87,7,1,-99,7,13,200
87,7,1,-99,7,13,200
87,7,1,-99,7,13,200
87,7,1,-99,7,13,200
87,7,1,-99,7,13,200
87,7,1,-99,7,13,200
87,7,1,-99,7,13,200
87,7,1,-99,7,13,200
87,7,1,-99,7,13,200
87,7,1,-99,7,13,200
87,7,1,-99,7,13,200
87,7,1,-99,7,13,200
87,7,1,-99,7,13,200
87,7,1,-99,7,13,200
87,7,1,-99,7,13,200
87,7,1,-99,7,13,200
87,7,1,-99,7,13,200
87,7,1,-99,7,13,200
87,7,1,-99,7,13,200
87,7,1,-99,7,13,200
87,7,1,-99,7,13,200
87,7,1,-99,7,13,200
87,7,1,-99,7,13,200
87,7,1,-99,7,13,200
87,7,1,-99,7,13,200
87,7,1,-99,7,13,200
87,7,1,-99,7,13,200
87,7,1,-99,7,13,200
87,7,1,-99,7,13,200
87,7,1,-99,7,13,200
87,7,1,-99,7,13,200
87,7,1,-99,7,13,200
87,7,1,-99,7,13,200
87,7,1,-99,7,13,200
87,7,1,-99,7,13,200
87,7,1,-99,7,13,200
87,7,1,-99,7,13,200
87,7,1,-99,7,13,200
87,7,1,-99,7,13,200
87,7,1,-99,7,13,200
87,7,1,-99,7,13,200
87,7,1,-99,7,13,200
87,7,1,-99,7,13,200
87,7,1,-99,7,13,200
87,7,1,-99,7,13,200
87,7,1,-99,7,13,200
87,7,1,-99,7,13,200
87,7,1,-99,7,13,200
87,7,1,-99,7,13,200
87,7,1,-99,7,13,200
87,7,1,-99,7,13,200
87,7,1,-99,7,13,200
87,7,1,-99,7,13,200
87,7,1,-99,7,13,200
87,7,1,-99,7,13,200
87,7,1,-99,7,13,200
87,7,1,-99,7,13,200
88,9,0,-99,9,1,160
88,9,0,-99,9,1,160
88,9,0,-99,9,1,160
88,9,0,-99,9,1,160
88,9,0,-99,9,1,160
88,9,0,-99,9,1,160
88,9,0,-99,9,1,160
88,9,0,-99,9,1,160
88,9,0,-99,9,1,160
88,9,0,-99,9,1,160
88,9,0,-99,9,1,160
88,9,0,-99,9,1,160
88,9,0,-99,9,1,160
88,9,0,-99,9,1,160
88,9,0,-99,9,1,160
88,9,0,-99,9,1,160
88,9,0,-99,9,1,160
88,9,0,-99,9,1,160
88,9,0,-99,9,1,160
88,9,0,-99,9,1,160
88,9,0,-99,9,1,160
88,9,0,-99,9,1,160
88,9,0,-99,9,1,160
88,9,0,-99,9,1,160
88,9,0,-99,9,1,160
88,9,0,-99,9,1,160
88,9,0,-99,9,1,160
88,9,0,-99,9,1,160
88,9,0,-99,9,1,160
88,9,0,-99,9,1,160
88,9,0,-99,9,1,160
88,9,0,-99,9,1,160
88,9,0,-99,9,1,160
88,9,0,-99,9,1,160
88,9,0,-99,9,1,160
88,9,0,-99,9,1,160
88,9,0,-99,9,1,160
88,9,0,-99,9,1,160
88,9,0,-99,9,1,160
88,9,0,-99,9,1,160
88,9,0,-99,9,1,160
88,9,0,-99,9,1,160
88,9,0,-99,9,1,160
88,9,0,-99,9,1,160
88,9,0,-99,9,1,160
88,9,0,-99,9,1,160
88,9,0,-99,9,1,160
88,9,0,-99,9,1,160
88,9,0,-99,9,1,160
88,9,0,-99,9,1,160
88,9,0,-99,9,1,160
88,9,0,-99,9,1,160
88,9,0,-99,9,1,160
88,9,0,-99,9,1,160
88,9,0,-99,9,1,160
88,9,0,-99,9,1,160
88,9,0,-99,9,1,160
88,9,0,-99,9,1,160
88,9,0,-99,9,1,160
88,9,0,-99,9,1,160
88,9,0,-99,9,1,160
88,9,0,-99,9,1,160
88,9,0,-99,9,1,160
88,9,0,-99,9,1,160
88,9,0,-99,9,1,160
88,9,0,-99,9,1,160
88,9,0,-99,9,1,160
88,9,0,-99,9,1,160
88,9,0,-99,9,1,160
88,9,0,-99,9,1,160
89,-10,1,-99,-9,157,200
89,-10,1,-99,-9,157,200
89,-10,1,-99,-9,157,200
89,-10,1,-99,-9,157,200
89,-10,1,-99,-9,157,200
89,-10,1,-99,-9,157,200
89,-10,1,-99,-9,157,200
89,-10,1,-99,-9,157,200
89,-10,1,-99,-9,157,200
89,-10,1,-99,-9,157,200
89,-10,1,-99,-9,157,200
89,-10,1,-99,-9,157,200
89,-10,1,-99,-9,157,200
89,-10,1,-99,-9,157,200
89,-10,1,-99,-9,157,200
89,-10,1,-99,-9,157,200
89,-10,1,-99,-9,157,200
89,-10,1,-99,-9,157,200
89,-10,1,-99,-9,157,200
89,-10,1,-99,-9,157,200
89,-10,1,-99,-9,157,200
89,-10,1,-99,-9,157,200
89,-10,1,-99,-9,157,200
89,-10,1,-99,-9,157,200
89,-10,1,-99,-9,157,200
89,-10,1,-99,-9,157,200
89,-10,1,-99,-9,157,200
89,-10,1,-99,-9,157,200
89,-10,1,-99,-9,157,200
89,-10,1,-99,-9,157,200
89,-10,1,-99,-9,157,200
89,-10,1,-99,-9,157,200
89,-10,1,-99,-9,157,200
89,-10,1,-99,-9,157,200
89,-10,1,-99,-9,157,200
89,-10,1,-99,-9,157,200
89,-10,1,-99,-9,157,200
89,-10,1,-99,-9,157,200
89,-10,1,-99,-9,157,200
89,-10,1,-99,-9,157,200
89,-10,1,-99,-9,157,200
89,-10,1,-99,-9,157,200
89,-10,1,-99,-9,157,200
89,-10,1,-99,-9,157,200
89,-10,1,-99,-9,157,200
89,-10,1,-99,-9,157,200
89,-10,1,-99,-9,157,200
89,-10,1,-99,-9,157,200
89,-10,1,-99,-9,157,200
89,-10,1,-99,-9,157,200
89,-10,1,-99,-9,157,200
89,-10,1,-99,-9,157,200
89,-10,1,-99,-9,157,200
89,-10,1,-99,-9,157,200
89,-10,1,-99,-9,157,200
89,-10,1,-99,-9,157,200
89,-10,1,-99,-9,157,200
89,-10,1,-99,-9,157,200
89,-10,1,-99,-9,157,200
89,-10,1,-99,-9,157,200
89,-10,1,-99,-9,157,200
89,-10,1,-99,-9,157,200
89,-10,1,-99,-9,157,200
89,-10,1,-99,-9,157,200
89,-10,1,-99,-9,157,200
90,-6,0,-99,-5,6,160
90,-6,0,-99,-5,6,160
90,-6,0,-99,-5,6,160
90,-6,0,-99,-5,6,160
90,-6,0,-99,-5,6,160
90,-6,0,-99,-5,6,160
90,-6,0,-99,-5,6,160
90,-6,0,-99,-5,6,160
90,-6,0,-99,-5,6,160
90,-6,0,-99,-5,6,160
90,-6,0,-99,-5,6,160
90,-6,0,-99,-5,6,160
90,-6,0,-99,-5,6,160
90,-6,0,-99,-5,6,160
90,-6,0,-99,-5,6,160
90,-6,0,-99,-5,6,160
90,-6,0,-99,-5,6,160
90,-6,0,-99,-5,6,160
90,-6,0,-99,-5,6,160
90,-6,0,-99,-5,6,160
90,-6,0,-99,-5,6,160
90,-6,0,-99,-5,6,160
90,-6,0,-99,-5,6,160
90,-6,0,-99,-5,6,160
90,-6,0,-99,-5,6,160
90,-6,0,-99,-5,6,160
90,-6,0,-99,-5,6,160
90,-6,0,-99,-5,6,160
90,-6,0,-99,-5,6,160
90,-6,0,-99,-5,6,160
90,-6,0,-99,-5,6,160
90,-6,0,-99,-5,6,160
90,-6,0,-99,-5,6,160
90,-6,0,-99,-5,6,160
90,-6,0,-99,-5,6,160
90,-6,0,-99,-5,6,160
90,-6,0,-99,-5,6,160
90,-6,0,-99,-5,6,160
90,-6,0,-99,-5,6,160
90,-6,0,-99,-5,6,160
90,-6,0,-99,-5,6,160
90,-6,0,-99,-5,6,160
90,-6,0,-99,-5,6,160
90,-6,0,-99,-5,6,160
90,-6,0,-99,-5,6,160
90,-6,0,-99,-5,6,160
90,-6,0,-99,-5,6,160
90,-6,0,-99,-5,6,160
90,-6,0,-99,-5,6,160
90,-6,0,-99,-5,6,160
90,-6,0,-99,-5,6,160
91,-8,1,-99,-7,151,200
91,-8,1,-99,-7,151,200
91,-8,1,-99,-7,151,200
91,-8,1,-99,-7,151,200
91,-8,1,-99,-7,151,200
91,-8,1,-99,-7,151,200
91,-8,1,-99,-7,151,200
91,-8,1,-99,-7,151,200
91,-8,1,-99,-7,151,200
91,-8,1,-99,-7,151,200
91,-8,1,-99,-7,151,200
91,-8,1,-99,-7,151,200
91,-8,1,-99,-7,151,200
91,-8,1,-99,-7,151,200
91,-8,1,-99,-7,151,200
91,-8,1,-99,-7,151,200
91,-8,1,-99,-7,151,200
91,-8,1,-99,-7,151,200
91,-8,1,-99,-7,151,200
91,-8,1,-99,-7,151,200
91,-8,1,-99,-7,151,200
91,-8,1,-99,-7,151,200
91,-8,1,-99,-7,151,200
91,-8,1,-99,-7,151,200
91,-8,1,-99,-7,151,200
91,-8,1,-99,-7,151,200
91,-8,1,-99,-7,151,200
91,-8,1,-99,-7,151,200
91,-8,1,-99,-7,151,200
91,-8,1,-99,-7,151,200
91,-8,1,-99,-7,151,200
91,-8,1,-99,-7,151,200
91,-8,1,-99,-7,151,200
91,-8,1,-99,-7,151,200
91,-8,1,-99,-7,151,200
91,-8,1,-99,-7,151,200
91,-8,1,-99,-7,151,200
91,-8,1,-99,-7,151,200
91,-8,1,-99,-7,151,200
91,-8,1,-99,-7,151,200
91,-8,1,-99,-7,151,200
91,-8,1,-99,-7,151,200
91,-8,1,-99,-7,151,200
91,-8,1,-99,-7,151,200
91,-8,1,-99,-7,151,200
91,-8,1,-99,-7,151,200
91,-8,1,-99,-7,151,200
91,-8,1,-99,-7,151,200
91,-8,1,-99,-7,151,200
91,-8,1,-99,-7,151,200
91,-8,1,-99,-7,151,200
91,-8,1,-99,-7,151,200
91,-8,1,-99,-7,151,200
91,-8,1,-99,-7,151,200
91,-8,1,-99,-7,151,200
91,-8,1,-99,-7,151,200
91,-8,1,-99,-7,151,200
91,-8,1,-99,-7,151,200
91,-8,1,-99,-7,151,200
91,-8,1,-99,-7,151,200
91,-8,1,-99,-7,151,200
91,-8,1,-99,-7,151,200
91,-8,1,-99,-7,151,200
91,-8,1,-99,-7,151,200
91,-8,1,-99,-7,151,200
91,-8,1,-99,-7,151,200
91,-8,1,-99,-7,151,200
91,-8,1,-99,-7,151,200
92,7,1,-99,7,9,160
92,7,1,-99,7,9,160
92,7,1,-99,7,9,160
92,7,1,-99,7,9,160
92,7,1,-99,7,9,160
92,7,1,-99,7,9,160
92,7,1,-99,7,9,160
92,7,1,-99,7,9,160
92,7,1,-99,7,9,160
92,7,1,-99,7,9,160
92,7,1,-99,7,9,160
92,7,1,-99,7,9,160
92,7,1,-99,7,9,160
92,7,1,-99,7,9,160
92,7,1,-99,7,9,160
92,7,1,-99,7,9,160
92,7,1,-99,7,9,160
92,7,1,-99,7,9,160
92,7,1,-99,7,9,160
92,7,1,-99,7,9,160
92,7,1,-99,7,9,160
92,7,1,-99,7,9,160
92,7,1,-99,7,9,160
92,7,1,-99,7,9,160
92,7,1,-99,7,9,160
92,7,1,-99,7,9,160
92,7,1,-99,7,9,160
92,7,1,-99,7,9,160
92,7,1,-99,7,9,160
92,7,1,-99,7,9,160
92,7,1,-99,7,9,160
92,7,1,-99,7,9,160
92,7,1,-99,7,9,160
92,7,1,-99,7,9,160
92,7,1,-99,7,9,160
92,7,1,-99,7,9,160
92,7,1,-99,7,9,160
92,7,1,-99,7,9,160
92,7,1,-99,7,9,160
92,7,1,-99,7,9,160
92,7,1,-99,7,9,160
92,7,1,-99,7,9,160
92,7,1,-99,7,9,160
92,7,1,-99,7,9,160
92,7,1,-99,7,9,160
92,7,1,-99,7,9,160
92,7,1,-99,7,9,160
92,7,1,-99,7,9,160
92,7,1,-99,7,9,160
92,7,1,-99,7,9,160
92,7,1,-99,7,9,160
92,7,1,-99,7,9,160
92,7,1,-99,7,9,160
92,7,1,-99,7,9,160
92,7,1,-99,7,9,160
92,7,1,-99,7,9,160
92,7,1,-99,7,9,160
92,7,1,-99,7,9,160
92,7,1,-99,7,9,160
92,7,1,-99,7,9,160
92,7,1,-99,7,9,160
92,7,1,-99,7,9,160
92,7,1,-99,7,9,160
92,7,1,-99,7,9,160
92,7,1,-99,7,9,160
92,7,1,-99,7,9,160
92,7,1,-99,7,9,160
92,7,1,-99,7,9,160
92,7,1,-99,7,9,160
92,7,1,-99,7,9,160
93,11,0,-98,10,-1,120
93,11,0,-98,10,-1,120
93,11,0,-98,10,-1,120
93,11,0,-98,10,-1,120
93,11,0,-98,10,-1,120
93,11,0,-98,10,-1,120
93,11,0,-98,10,-1,120
93,11,0,-98,10,-1,120
93,11,0,-98,10,-1,120
93,11,0,-98,10,-1,120
93,11,0,-98,10,-1,120
93,11,0,-98,10,-1,120
93,11,0,-98,10,-1,120
93,11,0,-98,10,-1,120
93,11,0,-98,10,-1,120
93,11,0,-98,10,-1,120
93,11,0,-98,10,-1,120
93,11,0,-98,10,-1,120
93,11,0,-98,10,-1,120
93,11,0,-98,10,-1,120
93,11,0,-98,10,-1,120
93,11,0,-98,10,-1,120
93,11,0,-98,10,-1,120
93,11,0,-98,10,-1,120
93,11,0,-98,10,-1,120
93,11,0,-98,10,-1,120
93,11,0,-98,10,-1,120
93,11,0,-98,10,-1,120
93,11,0,-98,10,-1,120
93,11,0,-98,10,-1,120
93,11,0,-98,10,-1,120
93,11,0,-98,10,-1,120
93,11,0,-98,10,-1,120
93,11,0,-98,10,-1,120
93,11,0,-98,10,-1,120
93,11,0,-98,10,-1,120
93,11,0,-98,10,-1,120
93,11,0,-98,10,-1,120
93,11,0,-98,10,-1,120
93,11,0,-98,10,-1,120
93,11,0,-98,10,-1,120
93,11,0,-98,10,-1,120
93,11,0,-98,10,-1,120
93,11,0,-98,10,-1,120
94,-10,0,-99,-9,137,160
94,-10,0,-99,-9,137,160
94,-10,0,-99,-9,137,160
94,-10,0,-99,-9,137,160
94,-10,0,-99,-9,137,160
94,-10,0,-99,-9,137,160
94,-10,0,-99,-9,137,160
94,-10,0,-99,-9,137,160
94,-10,0,-99,-9,137,160
94,-10,0,-99,-9,137,160
94,-10,0,-99,-9,137,160
94,-10,0,-99,-9,137,160
94,-10,0,-99,-9,137,160
94,-10,0,-99,-9,137,160
94,-10,0,-99,-9,137,160
94,-10,0,-99,-9,137,160
94,-10,0,-99,-9,137,160
94,-10,0,-99,-9,137,160
94,-10,0,-99,-9,137,160
94,-10,0,-99,-9,137,160
94,-10,0,-99,-9,137,160
94,-10,0,-99,-9,137,160
94,-10,0,-99,-9,137,160
94,-10,0,-99,-9,137,160
94,-10,0,-99,-9,137,160
94,-10,0,-99,-9,137,160
94,-10,0,-99,-9,137,160
94,-10,0,-99,-9,137,160
94,-10,0,-99,-9,137,160
94,-10,0,-99,-9,137,160
94,-10,0,-99,-9,137,160
94,-10,0,-99,-9,137,160
94,-10,0,-99,-9,137,160
94,-10,0,-99,-9,137,160
94,-10,0,-99,-9,137,160
94,-10,0,-99,-9,137,160
94,-10,0,-99,-9,137,160
94,-10,0,-99,-9,137,160
94,-10,0,-99,-9,137,160
94,-10,0,-99,-9,137,160
94,-10,0,-99,-9,137,160
94,-10,0,-99,-9,137,160
94,-10,0,-99,-9,137,160
94,-10,0,-99,-9,137,160
94,-10,0,-99,-9,137,160
94,-10,0,-99,-9,137,160
94,-10,0,-99,-9,137,160
94,-10,0,-99,-9,137,160
94,-10,0,-99,-9,137,160
94,-10,0,-99,-9,137,160
94,-10,0,-99,-9,137,160
94,-10,0,-99,-9,137,160
94,-10,0,-99,-9,137,160
94,-10,0,-99,-9,137,160
94,-10,0,-99,-9,137,160
94,-10,0,-99,-9,137,160
94,-10,0,-99,-9,137,160
94,-10,0,-99,-9,137,160
94,-10,0,-99,-9,137,160
94,-10,0,-99,-9,137,160
94,-10,0,-99,-9,137,160
94,-10,0,-99,-9,137,160
94,-10,0,-99,-9,137,160
94,-10,0,-99,-9,137,160
94,-10,0,-99,-9,137,160
94,-10,0,-99,-9,137,160
94,-10,0,-99,-9,137,160
94,-10,0,-99,-9,137,160
94,-10,0,-99,-9,137,160
95,-17,0,-97,-15,159,200
95,-17,0,-97,-15,159,200
95,-17,0,-97,-15,159,200
95,-17,0,-97,-15,159,200
95,-17,0,-97,-15,159,200
95,-17,0,-97,-15,159,200
95,-17,0,-97,-15,159,200
95,-17,0,-97,-15,159,200
95,-17,0,-97,-15,159,200
95,-17,0,-97,-15,159,200
95,-17,0,-97,-15,159,200
95,-17,0,-97,-15,159,200
95,-17,0,-97,-15,159,200
95,-17,0,-97,-15,159,200
95,-17,0,-97,-15,159,200
95,-17,0,-97,-15,159,200
95,-17,0,-97,-15,159,200
95,-17,0,-97,-15,159,200
95,-17,0,-97,-15,159,200
95,-17,0,-97,-15,159,200
95,-17,0,-97,-15,159,200
95,-17,0,-97,-15,159,200
95,-17,0,-97,-15,159,200
95,-17,0,-97,-15,159,200
95,-17,0,-97,-15,159,200
95,-17,0,-97,-15,159,200
95,-17,0,-97,-15,159,200
95,-17,0,-97,-15,159,200
95,-17,0,-97,-15,159,200
95,-17,0,-97,-15,159,200
95,-17,0,-97,-15,159,200
95,-17,0,-97,-15,159,200
95,-17,0,-97,-15,159,200
95,-17,0,-97,-15,159,200
95,-17,0,-97,-15,159,200
95,-17,0,-97,-15,159,200
95,-17,0,-97,-15,159,200
95,-17,0,-97,-15,159,200
95,-17,0,-97,-15,159,200
95,-17,0,-97,-15,159,200
95,-17,0,-97,-15,159,200
95,-17,0,-97,-15,159,200
95,-17,0,-97,-15,159,200
95,-17,0,-97,-15,159,200
95,-17,0,-97,-15,159,200
95,-17,0,-97,-15,159,200
95,-17,0,-97,-15,159,200
95,-17,0,-97,-15,159,200
95,-17,0,-97,-15,159,200
95,-17,0,-97,-15,159,200
95,-17,0,-97,-15,159,200
95,-17,0,-97,-15,159,200
95,-17,0,-97,-15,159,200
95,-17,0,-97,-15,159,200
95,-17,0,-97,-15,159,200
95,-17,0,-97,-15,159,200
95,-17,0,-97,-15,159,200
95,-17,0,-97,-15,159,200
95,-17,0,-97,-15,159,200
95,-17,0,-97,-15,159,200
95,-17,0,-97,-15,159,200
95,-17,0,-97,-15,159,200
95,-17,0,-97,-15,159,200
96,-6,0,-99,-5,126,240
96,-6,0,-99,-5,126,240
96,-6,0,-99,-5,126,240
96,-6,0,-99,-5,126,240
96,-6,0,-99,-5,126,240
96,-6,0,-99,-5,126,240
96,-6,0,-99,-5,126,240
96,-6,0,-99,-5,126,240
96,-6,0,-99,-5,126,240
96,-6,0,-99,-5,126,240
96,-6,0,-99,-5,126,240
96,-6,0,-99,-5,126,240
96,-6,0,-99,-5,126,240
96,-6,0,-99,-5,126,240
96,-6,0,-99,-5,126,240
96,-6,0,-99,-5,126,240
96,-6,0,-99,-5,126,240
96,-6,0,-99,-5,126,240
96,-6,0,-99,-5,126,240
96,-6,0,-99,-5,126,240
96,-6,0,-99,-5,126,240
96,-6,0,-99,-5,126,240
96,-6,0,-99,-5,126,240
96,-6,0,-99,-5,126,240
96,-6,0,-99,-5,126,240
96,-6,0,-99,-5,126,240
96,-6,0,-99,-5,126,240
96,-6,0,-99,-5,126,240
96,-6,0,-99,-5,126,240
96,-6,0,-99,-5,126,240
96,-6,0,-99,-5,126,240
96,-6,0,-99,-5,126,240
96,-6,0,-99,-5,126,240
96,-6,0,-99,-5,126,240
96,-6,0,-99,-5,126,240
96,-6,0,-99,-5,126,240
96,-6,0,-99,-5,126,240
96,-6,0,-99,-5,126,240
96,-6,0,-99,-5,126,240
96,-6,0,-99,-5,126,240
96,-6,0,-99,-5,126,240
96,-6,0,-99,-5,126,240
96,-6,0,-99,-5,126,240
96,-6,0,-99,-5,126,240
96,-6,0,-99,-5,126,240
96,-6,0,-99,-5,126,240
96,-6,0,-99,-5,126,240
96,-6,0,-99,-5,126,240
96,-6,0,-99,-5,126,240
96,-6,0,-99,-5,126,240
96,-6,0,-99,-5,126,240
96,-6,0,-99,-5,126,240
96,-6,0,-99,-5,126,240
96,-6,0,-99,-5,126,240
96,-6,0,-99,-5,126,240
96,-6,0,-99,-5,126,240
96,-6,0,-99,-5,126,240
96,-6,0,-99,-5,126,240
96,-6,0,-99,-5,126,240
96,-6,0,-99,-5,126,240
96,-6,0,-99,-5,126,240
96,-6,0,-99,-5,126,240
96,-6,0,-99,-5,126,240
96,-6,0,-99,-5,126,240
96,-6,0,-99,-5,126,240
96,-6,0,-99,-5,126,240
96,-6,0,-99,-5,126,240
96,-6,0,-99,-5,126,240
96,-6,0,-99,-5,126,240
97,7,0,-99,7,146,280
97,7,0,-99,7,146,280
97,7,0,-99,7,146,280
97,7,0,-99,7,146,280
97,7,0,-99,7,146,280
97,7,0,-99,7,146,280
97,7,0,-99,7,146,280
97,7,0,-99,7,146,280
97,7,0,-99,7,146,280
97,7,0,-99,7,146,280
97,7,0,-99,7,146,280
97,7,0,-99,7,146,280
97,7,0,-99,7,146,280
97,7,0,-99,7,146,280
97,7,0,-99,7,146,280
97,7,0,-99,7,146,280
97,7,0,-99,7,146,280
97,7,0,-99,7,146,280
97,7,0,-99,7,146,280
97,7,0,-99,7,146,280
97,7,0,-99,7,146,280
97,7,0,-99,7,146,280
97,7,0,-99,7,146,280
97,7,0,-99,7,146,280
97,7,0,-99,7,146,280
97,7,0,-99,7,146,280
97,7,0,-99,7,146,280
97,7,0,-99,7,146,280
97,7,0,-99,7,146,280
97,7,0,-99,7,146,280
97,7,0,-99,7,146,280
97,7,0,-99,7,146,280
97,7,0,-99,7,146,280
97,7,0,-99,7,146,280
97,7,0,-99,7,146,280
97,7,0,-99,7,146,280
97,7,0,-99,7,146,280
97,7,0,-99,7,146,280
97,7,0,-99,7,146,280
97,7,0,-99,7,146,280
97,7,0,-99,7,146,280
97,7,0,-99,7,146,280
97,7,0,-99,7,146,280
97,7,0,-99,7,146,280
97,7,0,-99,7,146,280
97,7,0,-99,7,146,280
97,7,0,-99,7,146,280
97,7,0,-99,7,146,280
97,7,0,-99,7,146,280
97,7,0,-99,7,146,280
97,7,0,-99,7,146,280
97,7,0,-99,7,146,280
97,7,0,-99,7,146,280
97,7,0,-99,7,146,280
97,7,0,-99,7,146,280
97,7,0,-99,7,146,280
97,7,0,-99,7,146,280
97,7,0,-99,7,146,280
97,7,0,-99,7,146,280
97,7,0,-99,7,146,280
97,7,0,-99,7,146,280
97,7,0,-99,7,146,280
97,7,0,-99,7,146,280
97,7,0,-99,7,146,280
97,7,0,-99,7,146,280
97,7,0,-99,7,146,280
97,7,0,-99,7,146,280
97,7,0,-99,7,146,280
98,11,1,-98,10,142,320
98,11,1,-98,10,142,320
98,11,1,-98,10,142,320
98,11,1,-98,10,142,320
98,11,1,-98,10,142,320
98,11,1,-98,10,142,320
98,11,1,-98,10,142,320
98,11,1,-98,10,142,320
98,11,1,-98,10,142,320
98,11,1,-98,10,142,320
98,11,1,-98,10,142,320
98,11,1,-98,10,142,320
98,11,1,-98,10,142,320
98,11,1,-98,10,142,320
98,11,1,-98,10,142,320
98,11,1,-98,10,142,320
98,11,1,-98,10,142,320
98,11,1,-98,10,142,320
98,11,1,-98,10,142,320
98,11,1,-98,10,142,320
98,11,1,-98,10,142,320
98,11,1,-98,10,142,320
98,11,1,-98,10,142,320
98,11,1,-98,10,142,320
98,11,1,-98,10,142,320
98,11,1,-98,10,142,320
98,11,1,-98,10,142,320
98,11,1,-98,10,142,320
98,11,1,-98,10,142,320
98,11,1,-98,10,142,320
98,11,1,-98,10,142,320
98,11,1,-98,10,142,320
98,11,1,-98,10,142,320
98,11,1,-98,10,142,320
98,11,1,-98,10,142,320
98,11,1,-98,10,142,320
98,11,1,-98,10,142,320
98,11,1,-98,10,142,320
98,11,1,-98,10,142,320
98,11,1,-98,10,142,320
98,11,1,-98,10,142,320
98,11,1,-98,10,142,320
98,11,1,-98,10,142,320
98,11,1,-98,10,142,320
98,11,1,-98,10,142,320
98,11,1,-98,10,142,320
98,11,1,-98,10,142,320
98,11,1,-98,10,142,320
98,11,1,-98,10,142,320
98,11,1,-98,10,142,320
98,11,1,-98,10,142,320
98,11,1,-98,10,142,320
98,11,1,-98,10,142,320
98,11,1,-98,10,142,320
98,11,1,-98,10,142,320
98,11,1,-98,10,142,320
98,11,1,-98,10,142,320
98,11,1,-98,10,142,320
98,11,1,-98,10,142,320
98,11,1,-98,10,142,320
98,11,1,-98,10,142,320
98,11,1,-98,10,142,320
98,11,1,-98,10,142,320
98,11,1,-98,10,142,320
98,11,1,-98,10,142,320
98,11,1,-98,10,142,320
98,11,1,-98,10,142,320
98,11,1,-98,10,142,320
98,11,1,-98,10,142,320
98,11,1,-98,10,142,320
99,12,1,-98,11,21,280
99,12,1,-98,11,21,280
99,12,1,-98,11,21,280
99,12,1,-98,11,21,280
99,12,1,-98,11,21,280
99,12,1,-98,11,21,280
99,12,1,-98,11,21,280
99,12,1,-98,11,21,280
99,12,1,-98,11,21,280
99,12,1,-98,11,21,280
99,12,1,-98,11,21,280
99,12,1,-98,11,21,280
99,12,1,-98,11,21,280
99,12,1,-98,11,21,280
99,12,1,-98,11,21,280
99,12,1,-98,11,21,280
99,12,1,-98,11,21,280
99,12,1,-98,11,21,280
99,12,1,-98,11,21,280
99,12,1,-98,11,21,280
99,12,1,-98,11,21,280
99,12,1,-98,11,21,280
99,12,1,-98,11,21,280
99,12,1,-98,11,21,280
99,12,1,-98,11,21,280
99,12,1,-98,11,21,280
99,12,1,-98,11,21,280
99,12,1,-98,11,21,280
99,12,1,-98,11,21,280
99,12,1,-98,11,21,280
99,12,1,-98,11,21,280
99,12,1,-98,11,21,280
99,12,1,-98,11,21,280
99,12,1,-98,11,21,280
99,12,1,-98,11,21,280
99,12,1,-98,11,21,280
99,12,1,-98,11,21,280
99,12,1,-98,11,21,280
99,12,1,-98,11,21,280
99,12,1,-98,11,21,280
99,12,1,-98,11,21,280
99,12,1,-98,11,21,280
99,12,1,-98,11,21,280
99,12,1,-98,11,21,280
99,12,1,-98,11,21,280
99,12,1,-98,11,21,280
99,12,1,-98,11,21,280
99,12,1,-98,11,21,280
99,12,1,-98,11,21,280
99,12,1,-98,11,21,280
99,12,1,-98,11,21,280
99,12,1,-98,11,21,280
99,12,1,-98,11,21,280
99,12,1,-98,11,21,280
99,12,1,-98,11,21,280
99,12,1,-98,11,21,280
99,12,1,-98,11,21,280
99,12,1,-98,11,21,280
99,12,1,-98,11,21,280
99,12,1,-98,11,21,280
99,12,1,-98,11,21,280
99,12,1,-98,11,21,280
99,12,1,-98,11,21,280
99,12,1,-98,11,21,280
99,12,1,-98,11,21,280
99,12,1,-98,11,21,280
99,12,1,-98,11,21,280
99,12,1,-98,11,21,280
99,12,1,-98,11,21,280
99,12,1,-98,11,21,280
100,-2,0,-99,-1,9,240
100,-2,0,-99,-1,9,240
100,-2,0,-99,-1,9,240
100,-2,0,-99,-1,9,240
100,-2,0,-99,-1,9,240
100,-2,0,-99,-1,9,240
100,-2,0,-99,-1,9,240
100,-2,0,-99,-1,9,240
100,-2,0,-99,-1,9,240
100,-2,0,-99,-1,9,240
100,-2,0,-99,-1,9,240
100,-2,0,-99,-1,9,240
100,-2,0,-99,-1,9,240
100,-2,0,-99,-1,9,240
100,-2,0,-99,-1,9,240
100,-2,0,-99,-1,9,240
100,-2,0,-99,-1,9,240
100,-2,0,-99,-1,9,240
100,-2,0,-99,-1,9,240
100,-2,0,-99,-1,9,240
100,-2,0,-99,-1,9,240
100,-2,0,-99,-1,9,240
100,-2,0,-99,-1,9,240
100,-2,0,-99,-1,9,240
100,-2,0,-99,-1,9,240
100,-2,0,-99,-1,9,240
100,-2,0,-99,-1,9,240
100,-2,0,-99,-1,9,240
100,-2,0,-99,-1,9,240
100,-2,0,-99,-1,9,240
100,-2,0,-99,-1,9,240
100,-2,0,-99,-1,9,240
100,-2,0,-99,-1,9,240
100,-2,0,-99,-1,9,240
100,-2,0,-99,-1,9,240
100,-2,0,-99,-1,9,240
100,-2,0,-99,-1,9,240
100,-2,0,-99,-1,9,240
100,-2,0,-99,-1,9,240
100,-2,0,-99,-1,9,240
100,-2,0,-99,-1,9,240
100,-2,0,-99,-1,9,240
100,-2,0,-99,-1,9,240
100,-2,0,-99,-1,9,240
100,-2,0,-99,-1,9,240
100,-2,0,-99,-1,9,240
100,-2,0,-99,-1,9,240
100,-2,0,-99,-1,9,240
100,-2,0,-99,-1,9,240
100,-2,0,-99,-1,9,240
100,-2,0,-99,-1,9,240
100,-2,0,-99,-1,9,240
100,-2,0,-99,-1,9,240
100,-2,0,-99,-1,9,240
100,-2,0,-99,-1,9,240
100,-2,0,-99,-1,9,240
100,-2,0,-99,-1,9,240
100,-2,0,-99,-1,9,240
100,-2,0,-99,-1,9,240
100,-2,0,-99,-1,9,240
100,-2,0,-99,-1,9,240
100,-2,0,-99,-1,9,240
100,-2,0,-99,-1,9,240
100,-2,0,-99,-1,9,240
100,-2,0,-99,-1,9,240
100,-2,0,-99,-1,9,240
100,-2,0,-99,-1,9,240
100,-2,0,-99,-1,9,240
100,-2,0,-99,-1,9,240
100,-2,0,-99,-1,9,240
101,-24,0,-94,-21,153,280
101,-24,0,-94,-21,153,280
101,-24,0,-94,-21,153,280
101,-24,0,-94,-21,153,280
101,-24,0,-94,-21,153,280
101,-24,0,-94,-21,153,280
101,-24,0,-94,-21,153,280
101,-24,0,-94,-21,153,280
101,-24,0,-94,-21,153,280
101,-24,0,-94,-21,153,280
101,-24,0,-94,-21,153,280
101,-24,0,-94,-21,153,280
101,-24,0,-94,-21,153,280
101,-24,0,-94,-21,153,280
101,-24,0,-94,-21,153,280
101,-24,0,-94,-21,153,280
101,-24,0,-94,-21,153,280
101,-24,0,-94,-21,153,280
101,-24,0,-94,-21,153,280
101,-24,0,-94,-21,153,280
101,-24,0,-94,-21,153,280
101,-24,0,-94,-21,153,280
101,-24,0,-94,-21,153,280
101,-24,0,-94,-21,153,280
101,-24,0,-94,-21,153,280
101,-24,0,-94,-21,153,280
101,-24,0,-94,-21,153,280
101,-24,0,-94,-21,153,280
101,-24,0,-94,-21,153,280
101,-24,0,-94,-21,153,280
101,-24,0,-94,-21,153,280
101,-24,0,-94,-21,153,280
101,-24,0,-94,-21,153,280
101,-24,0,-94,-21,153,280
101,-24,0,-94,-21,153,280
101,-24,0,-94,-21,153,280
101,-24,0,-94,-21,153,280
101,-24,0,-94,-21,153,280
101,-24,0,-94,-21,153,280
101,-24,0,-94,-21,153,280
101,-24,0,-94,-21,153,280
101,-24,0,-94,-21,153,280
101,-24,0,-94,-21,153,280
101,-24,0,-94,-21,153,280
101,-24,0,-94,-21,153,280
101,-24,0,-94,-21,153,280
101,-24,0,-94,-21,153,280
101,-24,0,-94,-21,153,280
101,-24,0,-94,-21,153,280
101,-24,0,-94,-21,153,280
101,-24,0,-94,-21,153,280
101,-24,0,-94,-21,153,280
101,-24,0,-94,-21,153,280
101,-24,0,-94,-21,153,280
101,-24,0,-94,-21,153,280
101,-24,0,-94,-21,153,280
101,-24,0,-94,-21,153,280
101,-24,0,-94,-21,153,280
101,-24,0,-94,-21,153,280
101,-24,0,-94,-21,153,280
101,-24,0,-94,-21,153,280
101,-24,0,-94,-21,153,280
101,-24,0,-94,-21,153,280
101,-24,0,-94,-21,153,280
101,-24,0,-94,-21,153,280
101,-24,0,-94,-21,153,280
101,-24,0,-94,-21,153,280
101,-24,0,-94,-21,153,280
101,-24,0,-94,-21,153,280
102,-19,1,-96,-17,97,320
102,-19,1,-96,-17,97,320
102,-19,1,-96,-17,97,320
102,-19,1,-96,-17,97,320
102,-19,1,-96,-17,97,320
102,-19,1,-96,-17,97,320
102,-19,1,-96,-17,97,320
102,-19,1,-96,-17,97,320
102,-19,1,-96,-17,97,320
102,-19,1,-96,-17,97,320
102,-19,1,-96,-17,97,320
102,-19,1,-96,-17,97,320
102,-19,1,-96,-17,97,320
102,-19,1,-96,-17,97,320
102,-19,1,-96,-17,97,320
102,-19,1,-96,-17,97,320
102,-19,1,-96,-17,97,320
102,-19,1,-96,-17,97,320
102,-19,1,-96,-17,97,320
102,-19,1,-96,-17,97,320
102,-19,1,-96,-17,97,320
102,-19,1,-96,-17,97,320
102,-19,1,-96,-17,97,320
102,-19,1,-96,-17,97,320
102,-19,1,-96,-17,97,320
102,-19,1,-96,-17,97,320
102,-19,1,-96,-17,97,320
102,-19,1,-96,-17,97,320
102,-19,1,-96,-17,97,320
102,-19,1,-96,-17,97,320
102,-19,1,-96,-17,97,320
102,-19,1,-96,-17,97,320
102,-19,1,-96,-17,97,320
102,-19,1,-96,-17,97,320
102,-19,1,-96,-17,97,320
102,-19,1,-96,-17,97,320
102,-19,1,-96,-17,97,320
102,-19,1,-96,-17,97,320
102,-19,1,-96,-17,97,320
102,-19,1,-96,-17,97,320
102,-19,1,-96,-17,97,320
102,-19,1,-96,-17,97,320
102,-19,1,-96,-17,97,320
102,-19,1,-96,-17,97,320
102,-19,1,-96,-17,97,320
102,-19,1,-96,-17,97,320
102,-19,1,-96,-17,97,320
102,-19,1,-96,-17,97,320
102,-19,1,-96,-17,97,320
102,-19,1,-96,-17,97,320
102,-19,1,-96,-17,97,320
102,-19,1,-96,-17,97,320
102,-19,1,-96,-17,97,320
102,-19,1,-96,-17,97,320
102,-19,1,-96,-17,97,320
102,-19,1,-96,-17,97,320
102,-19,1,-96,-17,97,320
102,-19,1,-96,-17,97,320
102,-19,1,-96,-17,97,320
102,-19,1,-96,-17,97,320
102,-19,1,-96,-17,97,320
102,-19,1,-96,-17,97,320
102,-19,1,-96,-17,97,320
102,-19,1,-96,-17,97,320
102,-19,1,-96,-17,97,320
102,-19,1,-96,-17,97,320
102,-19,1,-96,-17,97,320
102,-19,1,-96,-17,97,320
102,-19,1,-96,-17,97,320
102,-19,1,-96,-17,97,320
103,13,1,-98,12,18,280
103,13,1,-98,12,18,280
103,13,1,-98,12,18,280
103,13,1,-98,12,18,280
103,13,1,-98,12,18,280
103,13,1,-98,12,18,280
103,13,1,-98,12,18,280
103,13,1,-98,12,18,280
103,13,1,-98,12,18,280
103,13,1,-98,12,18,280
103,13,1,-98,12,18,280
103,13,1,-98,12,18,280
103,13,1,-98,12,18,280
103,13,1,-98,12,18,280
103,13,1,-98,12,18,280
103,13,1,-98,12,18,280
103,13,1,-98,12,18,280
103,13,1,-98,12,18,280
103,13,1,-98,12,18,280
103,13,1,-98,12,18,280
103,13,1,-98,12,18,280
103,13,1,-98,12,18,280
103,13,1,-98,12,18,280
103,13,1,-98,12,18,280
103,13,1,-98,12,18,280
103,13,1,-98,12,18,280
103,13,1,-98,12,18,280
103,13,1,-98,12,18,280
103,13,1,-98,12,18,280
103,13,1,-98,12,18,280
103,13,1,-98,12,18,280
103,13,1,-98,12,18,280
103,13,1,-98,12,18,280
103,13,1,-98,12,18,280
103,13,1,-98,12,18,280
103,13,1,-98,12,18,280
103,13,1,-98,12,18,280
103,13,1,-98,12,18,280
103,13,1,-98,12,18,280
103,13,1,-98,12,18,280
103,13,1,-98,12,18,280
103,13,1,-98,12,18,280
103,13,1,-98,12,18,280
103,13,1,-98,12,18,280
103,13,1,-98,12,18,280
103,13,1,-98,12,18,280
103,13,1,-98,12,18,280
103,13,1,-98,12,18,280
103,13,1,-98,12,18,280
103,13,1,-98,12,18,280
103,13,1,-98,12,18,280
103,13,1,-98,12,18,280
103,13,1,-98,12,18,280
103,13,1,-98,12,18,280
103,13,1,-98,12,18,280
103,13,1,-98,12,18,280
103,13,1,-98,12,18,280
103,13,1,-98,12,18,280
103,13,1,-98,12,18,280
103,13,1,-98,12,18,280
103,13,1,-98,12,18,280
104,24,1,-94,22,7,240
104,24,1,-94,22,7,240
104,24,1,-94,22,7,240
104,24,1,-94,22,7,240
104,24,1,-94,22,7,240
104,24,1,-94,22,7,240
104,24,1,-94,22,7,240
104,24,1,-94,22,7,240
104,24,1,-94,22,7,240
104,24,1,-94,22,7,240
104,24,1,-94,22,7,240
104,24,1,-94,22,7,240
104,24,1,-94,22,7,240
104,24,1,-94,22,7,240
104,24,1,-94,22,7,240
104,24,1,-94,22,7,240
104,24,1,-94,22,7,240
104,24,1,-94,22,7,240
104,24,1,-94,22,7,240
104,24,1,-94,22,7,240
104,24,1,-94,22,7,240
104,24,1,-94,22,7,240
104,24,1,-94,22,7,240
104,24,1,-94,22,7,240
104,24,1,-94,22,7,240
104,24,1,-94,22,7,240
104,24,1,-94,22,7,240
104,24,1,-94,22,7,240
104,24,1,-94,22,7,240
104,24,1,-94,22,7,240
104,24,1,-94,22,7,240
104,24,1,-94,22,7,240
104,24,1,-94,22,7,240
104,24,1,-94,22,7,240
104,24,1,-94,22,7,240
104,24,1,-94,22,7,240
104,24,1,-94,22,7,240
104,24,1,-94,22,7,240
104,24,1,-94,22,7,240
104,24,1,-94,22,7,240
104,24,1,-94,22,7,240
104,24,1,-94,22,7,240
104,24,1,-94,22,7,240
104,24,1,-94,22,7,240
104,24,1,-94,22,7,240
104,24,1,-94,22,7,240
104,24,1,-94,22,7,240
104,24,1,-94,22,7,240
104,24,1,-94,22,7,240
104,24,1,-94,22,7,240
104,24,1,-94,22,7,240
104,24,1,-94,22,7,240
104,24,1,-94,22,7,240
104,24,1,-94,22,7,240
104,24,1,-94,22,7,240
104,24,1,-94,22,7,240
104,24,1,-94,22,7,240
104,24,1,-94,22,7,240
104,24,1,-94,22,7,240
104,24,1,-94,22,7,240
104,24,1,-94,22,7,240
104,24,1,-94,22,7,240
104,24,1,-94,22,7,240
104,24,1,-94,22,7,240
104,24,1,-94,22,7,240
104,24,1,-94,22,7,240
104,24,1,-94,22,7,240
104,24,1,-94,22,7,240
105,7,1,-99,7,0,200
105,7,1,-99,7,0,200
105,7,1,-99,7,0,200
105,7,1,-99,7,0,200
105,7,1,-99,7,0,200
105,7,1,-99,7,0,200
105,7,1,-99,7,0,200
105,7,1,-99,7,0,200
105,7,1,-99,7,0,200
105,7,1,-99,7,0,200
105,7,1,-99,7,0,200
105,7,1,-99,7,0,200
105,7,1,-99,7,0,200
105,7,1,-99,7,0,200
105,7,1,-99,7,0,200
105,7,1,-99,7,0,200
105,7,1,-99,7,0,200
105,7,1,-99,7,0,200
105,7,1,-99,7,0,200
105,7,1,-99,7,0,200
105,7,1,-99,7,0,200
105,7,1,-99,7,0,200
105,7,1,-99,7,0,200
105,7,1,-99,7,0,200
105,7,1,-99,7,0,200
105,7,1,-99,7,0,200
105,7,1,-99,7,0,200
105,7,1,-99,7,0,200
105,7,1,-99,7,0,200
105,7,1,-99,7,0,200
105,7,1,-99,7,0,200
105,7,1,-99,7,0,200
105,7,1,-99,7,0,200
105,7,1,-99,7,0,200
105,7,1,-99,7,0,200
105,7,1,-99,7,0,200
105,7,1,-99,7,0,200
105,7,1,-99,7,0,200
105,7,1,-99,7,0,200
105,7,1,-99,7,0,200
105,7,1,-99,7,0,200
105,7,1,-99,7,0,200
105,7,1,-99,7,0,200
105,7,1,-99,7,0,200
105,7,1,-99,7,0,200
105,7,1,-99,7,0,200
105,7,1,-99,7,0,200
105,7,1,-99,7,0,200
105,7,1,-99,7,0,200
105,7,1,-99,7,0,200
105,7,1,-99,7,0,200
105,7,1,-99,7,0,200
105,7,1,-99,7,0,200
105,7,1,-99,7,0,200
105,7,1,-99,7,0,200
105,7,1,-99,7,0,200
105,7,1,-99,7,0,200
105,7,1,-99,7,0,200
105,7,1,-99,7,0,200
105,7,1,-99,7,0,200
105,7,1,-99,7,0,200
105,7,1,-99,7,0,200
105,7,1,-99,7,0,200
105,7,1,-99,7,0,200
105,7,1,-99,7,0,200
106,-16,0,-97,-14,-3,160
106,-16,0,-97,-14,-3,160
106,-16,0,-97,-14,-3,160
106,-16,0,-97,-14,-3,160
106,-16,0,-97,-14,-3,160
106,-16,0,-97,-14,-3,160
106,-16,0,-97,-14,-3,160
106,-16,0,-97,-14,-3,160
106,-16,0,-97,-14,-3,160
106,-16,0,-97,-14,-3,160
106,-16,0,-97,-14,-3,160
106,-16,0,-97,-14,-3,160
106,-16,0,-97,-14,-3,160
106,-16,0,-97,-14,-3,160
106,-16,0,-97,-14,-3,160
106,-16,0,-97,-14,-3,160
106,-16,0,-97,-14,-3,160
106,-16,0,-97,-14,-3,160
106,-16,0,-97,-14,-3,160
106,-16,0,-97,-14,-3,160
106,-16,0,-97,-14,-3,160
106,-16,0,-97,-14,-3,160
106,-16,0,-97,-14,-3,160
106,-16,0,-97,-14,-3,160
106,-16,0,-97,-14,-3,160
106,-16,0,-97,-14,-3,160
106,-16,0,-97,-14,-3,160
106,-16,0,-97,-14,-3,160
106,-16,0,-97,-14,-3,160
106,-16,0,-97,-14,-3,160
106,-16,0,-97,-14,-3,160
106,-16,0,-97,-14,-3,160
106,-16,0,-97,-14,-3,160
106,-16,0,-97,-14,-3,160
106,-16,0,-97,-14,-3,160
106,-16,0,-97,-14,-3,160
106,-16,0,-97,-14,-3,160
106,-16,0,-97,-14,-3,160
106,-16,0,-97,-14,-3,160
106,-16,0,-97,-14,-3,160
106,-16,0,-97,-14,-3,160
106,-16,0,-97,-14,-3,160
106,-16,0,-97,-14,-3,160
106,-16,0,-97,-14,-3,160
106,-16,0,-97,-14,-3,160
106,-16,0,-97,-14,-3,160
106,-16,0,-97,-14,-3,160
106,-16,0,-97,-14,-3,160
106,-16,0,-97,-14,-3,160
106,-16,0,-97,-14,-3,160
106,-16,0,-97,-14,-3,160
106,-16,0,-97,-14,-3,160
106,-16,0,-97,-14,-3,160
106,-16,0,-97,-14,-3,160
106,-16,0,-97,-14,-3,160
106,-16,0,-97,-14,-3,160
106,-16,0,-97,-14,-3,160
106,-16,0,-97,-14,-3,160
106,-16,0,-97,-14,-3,160
106,-16,0,-97,-14,-3,160
106,-16,0,-97,-14,-3,160
106,-16,0,-97,-14,-3,160
106,-16,0,-97,-14,-3,160
106,-16,0,-97,-14,-3,160
106,-16,0,-97,-14,-3,160
106,-16,0,-97,-14,-3,160
107,-32,1,-90,-28,127,200
107,-32,1,-90,-28,127,200
107,-32,1,-90,-28,127,200
107,-32,1,-90,-28,127,200
107,-32,1,-90,-28,127,200
107,-32,1,-90,-28,127,200
107,-32,1,-90,-28,127,200
107,-32,1,-90,-28,127,200
107,-32,1,-90,-28,127,200
107,-32,1,-90,-28,127,200
107,-32,1,-90,-28,127,200
107,-32,1,-90,-28,127,200
107,-32,1,-90,-28,127,200
107,-32,1,-90,-28,127,200
107,-32,1,-90,-28,127,200
107,-32,1,-90,-28,127,200
107,-32,1,-90,-28,127,200
107,-32,1,-90,-28,127,200
107,-32,1,-90,-28,127,200
107,-32,1,-90,-28,127,200
107,-32,1,-90,-28,127,200
107,-32,1,-90,-28,127,200
107,-32,1,-90,-28,127,200
107,-32,1,-90,-28,127,200
107,-32,1,-90,-28,127,200
107,-32,1,-90,-28,127,200
107,-32,1,-90,-28,127,200
107,-32,1,-90,-28,127,200
107,-32,1,-90,-28,127,200
107,-32,1,-90,-28,127,200
107,-32,1,-90,-28,127,200
107,-32,1,-90,-28,127,200
107,-32,1,-90,-28,127,200
107,-32,1,-90,-28,127,200
107,-32,1,-90,-28,127,200
107,-32,1,-90,-28,127,200
108,-4,1,-99,-3,2,160
108,-4,1,-99,-3,2,160
108,-4,1,-99,-3,2,160
108,-4,1,-99,-3,2,160
108,-4,1,-99,-3,2,160
108,-4,1,-99,-3,2,160
108,-4,1,-99,-3,2,160
108,-4,1,-99,-3,2,160
108,-4,1,-99,-3,2,160
108,-4,1,-99,-3,2,160
108,-4,1,-99,-3,2,160
108,-4,1,-99,-3,2,160
108,-4,1,-99,-3,2,160
108,-4,1,-99,-3,2,160
108,-4,1,-99,-3,2,160
108,-4,1,-99,-3,2,160
108,-4,1,-99,-3,2,160
108,-4,1,-99,-3,2,160
108,-4,1,-99,-3,2,160
108,-4,1,-99,-3,2,160
108,-4,1,-99,-3,2,160
108,-4,1,-99,-3,2,160
108,-4,1,-99,-3,2,160
108,-4,1,-99,-3,2,160
108,-4,1,-99,-3,2,160
108,-4,1,-99,-3,2,160
108,-4,1,-99,-3,2,160
108,-4,1,-99,-3,2,160
108,-4,1,-99,-3,2,160
108,-4,1,-99,-3,2,160
108,-4,1,-99,-3,2,160
108,-4,1,-99,-3,2,160
108,-4,1,-99,-3,2,160
108,-4,1,-99,-3,2,160
108,-4,1,-99,-3,2,160
108,-4,1,-99,-3,2,160
108,-4,1,-99,-3,2,160
108,-4,1,-99,-3,2,160
108,-4,1,-99,-3,2,160
108,-4,1,-99,-3,2,160
108,-4,1,-99,-3,2,160
108,-4,1,-99,-3,2,160
108,-4,1,-99,-3,2,160
108,-4,1,-99,-3,2,160
108,-4,1,-99,-3,2,160
108,-4,1,-99,-3,2,160
108,-4,1,-99,-3,2,160
108,-4,1,-99,-3,2,160
108,-4,1,-99,-3,2,160
108,-4,1,-99,-3,2,160
108,-4,1,-99,-3,2,160
108,-4,1,-99,-3,2,160
108,-4,1,-99,-3,2,160
108,-4,1,-99,-3,2,160
108,-4,1,-99,-3,2,160
108,-4,1,-99,-3,2,160
108,-4,1,-99,-3,2,160
108,-4,1,-99,-3,2,160
108,-4,1,-99,-3,2,160
108,-4,1,-99,-3,2,160
108,-4,1,-99,-3,2,160
108,-4,1,-99,-3,2,160
108,-4,1,-99,-3,2,160
108,-4,1,-99,-3,2,160
109,19,0,-96,18,1,120
109,19,0,-96,18,1,120
109,19,0,-96,18,1,120
109,19,0,-96,18,1,120
109,19,0,-96,18,1,120
109,19,0,-96,18,1,120
109,19,0,-96,18,1,120
109,19,0,-96,18,1,120
109,19,0,-96,18,1,120
109,19,0,-96,18,1,120
109,19,0,-96,18,1,120
109,19,0,-96,18,1,120
109,19,0,-96,18,1,120
109,19,0,-96,18,1,120
109,19,0,-96,18,1,120
109,19,0,-96,18,1,120
109,19,0,-96,18,1,120
109,19,0,-96,18,1,120
109,19,0,-96,18,1,120
109,19,0,-96,18,1,120
109,19,0,-96,18,1,120
109,19,0,-96,18,1,120
109,19,0,-96,18,1,120
109,19,0,-96,18,1,120
109,19,0,-96,18,1,120
109,19,0,-96,18,1,120
109,19,0,-96,18,1,120
109,19,0,-96,18,1,120
109,19,0,-96,18,1,120
109,19,0,-96,18,1,120
109,19,0,-96,18,1,120
109,19,0,-96,18,1,120
109,19,0,-96,18,1,120
109,19,0,-96,18,1,120
109,19,0,-96,18,1,120
109,19,0,-96,18,1,120
109,19,0,-96,18,1,120
109,19,0,-96,18,1,120
109,19,0,-96,18,1,120
109,19,0,-96,18,1,120
109,19,0,-96,18,1,120
109,19,0,-96,18,1,120
109,19,0,-96,18,1,120
109,19,0,-96,18,1,120
109,19,0,-96,18,1,120
109,19,0,-96,18,1,120
109,19,0,-96,18,1,120
109,19,0,-96,18,1,120
109,19,0,-96,18,1,120
109,19,0,-96,18,1,120
109,19,0,-96,18,1,120
109,19,0,-96,18,1,120
109,19,0,-96,18,1,120
109,19,0,-96,18,1,120
109,19,0,-96,18,1,120
109,19,0,-96,18,1,120
109,19,0,-96,18,1,120
109,19,0,-96,18,1,120
109,19,0,-96,18,1,120
109,19,0,-96,18,1,120
109,19,0,-96,18,1,120
109,19,0,-96,18,1,120
109,19,0,-96,18,1,120
109,19,0,-96,18,1,120
109,19,0,-96,18,1,120
109,19,0,-96,18,1,120
109,19,0,-96,18,1,120
109,19,0,-96,18,1,120
109,19,0,-96,18,1,120
110,8,1,-99,8,161,160
110,8,1,-99,8,161,160
110,8,1,-99,8,161,160
110,8,1,-99,8,161,160
110,8,1,-99,8,161,160
110,8,1,-99,8,161,160
110,8,1,-99,8,161,160
110,8,1,-99,8,161,160
110,8,1,-99,8,161,160
110,8,1,-99,8,161,160
110,8,1,-99,8,161,160
110,8,1,-99,8,161,160
110,8,1,-99,8,161,160
110,8,1,-99,8,161,160
110,8,1,-99,8,161,160
110,8,1,-99,8,161,160
110,8,1,-99,8,161,160
110,8,1,-99,8,161,160
110,8,1,-99,8,161,160
110,8,1,-99,8,161,160
110,8,1,-99,8,161,160
110,8,1,-99,8,161,160
110,8,1,-99,8,161,160
110,8,1,-99,8,161,160
110,8,1,-99,8,161,160
110,8,1,-99,8,161,160
110,8,1,-99,8,161,160
110,8,1,-99,8,161,160
110,8,1,-99,8,161,160
110,8,1,-99,8,161,160
110,8,1,-99,8,161,160
110,8,1,-99,8,161,160
110,8,1,-99,8,161,160
110,8,1,-99,8,161,160
110,8,1,-99,8,161,160
110,8,1,-99,8,161,160
110,8,1,-99,8,161,160
110,8,1,-99,8,161,160
110,8,1,-99,8,161,160
110,8,1,-99,8,161,160
110,8,1,-99,8,161,160
110,8,1,-99,8,161,160
110,8,1,-99,8,161,160
110,8,1,-99,8,161,160
110,8,1,-99,8,161,160
110,8,1,-99,8,161,160
110,8,1,-99,8,161,160
110,8,1,-99,8,161,160
110,8,1,-99,8,161,160
110,8,1,-99,8,161,160
110,8,1,-99,8,161,160
110,8,1,-99,8,161,160
110,8,1,-99,8,161,160
110,8,1,-99,8,161,160
110,8,1,-99,8,161,160
110,8,1,-99,8,161,160
110,8,1,-99,8,161,160
110,8,1,-99,8,161,160
110,8,1,-99,8,161,160
110,8,1,-99,8,161,160
110,8,1,-99,8,161,160
110,8,1,-99,8,161,160
110,8,1,-99,8,161,160
110,8,1,-99,8,161,160
110,8,1,-99,8,161,160
110,8,1,-99,8,161,160
110,8,1,-99,8,161,160
110,8,1,-99,8,161,160
110,8,1,-99,8,161,160
110,8,1,-99,8,161,160
110,8,1,-99,8,161,160
111,1,0,-99,1,6,120
111,1,0,-99,1,6,120
111,1,0,-99,1,6,120
111,1,0,-99,1,6,120
111,1,0,-99,1,6,120
111,1,0,-99,1,6,120
111,1,0,-99,1,6,120
111,1,0,-99,1,6,120
111,1,0,-99,1,6,120
111,1,0,-99,1,6,120
111,1,0,-99,1,6,120
111,1,0,-99,1,6,120
111,1,0,-99,1,6,120
111,1,0,-99,1,6,120
111,1,0,-99,1,6,120
111,1,0,-99,1,6,120
111,1,0,-99,1,6,120
111,1,0,-99,1,6,120
111,1,0,-99,1,6,120
111,1,0,-99,1,6,120
111,1,0,-99,1,6,120
111,1,0,-99,1,6,120
111,1,0,-99,1,6,120
111,1,0,-99,1,6,120
111,1,0,-99,1,6,120
111,1,0,-99,1,6,120
111,1,0,-99,1,6,120
111,1,0,-99,1,6,120
111,1,0,-99,1,6,120
111,1,0,-99,1,6,120
111,1,0,-99,1,6,120
111,1,0,-99,1,6,120
111,1,0,-99,1,6,120
111,1,0,-99,1,6,120
111,1,0,-99,1,6,120
111,1,0,-99,1,6,120
111,1,0,-99,1,6,120
111,1,0,-99,1,6,120
111,1,0,-99,1,6,120
111,1,0,-99,1,6,120
111,1,0,-99,1,6,120
111,1,0,-99,1,6,120
111,1,0,-99,1,6,120
111,1,0,-99,1,6,120
111,1,0,-99,1,6,120
111,1,0,-99,1,6,120
111,1,0,-99,1,6,120
111,1,0,-99,1,6,120
111,1,0,-99,1,6,120
111,1,0,-99,1,6,120
111,1,0,-99,1,6,120
111,1,0,-99,1,6,120
111,1,0,-99,1,6,120
111,1,0,-99,1,6,120
111,1,0,-99,1,6,120
111,1,0,-99,1,6,120
111,1,0,-99,1,6,120
111,1,0,-99,1,6,120
111,1,0,-99,1,6,120
111,1,0,-99,1,6,120
111,1,0,-99,1,6,120
111,1,0,-99,1,6,120
111,1,0,-99,1,6,120
111,1,0,-99,1,6,120
111,1,0,-99,1,6,120
111,1,0,-99,1,6,120
111,1,0,-99,1,6,120
112,-18,1,-96,-16,140,160
112,-18,1,-96,-16,140,160
112,-18,1,-96,-16,140,160
112,-18,1,-96,-16,140,160
112,-18,1,-96,-16,140,160
112,-18,1,-96,-16,140,160
112,-18,1,-96,-16,140,160
112,-18,1,-96,-16,140,160
112,-18,1,-96,-16,140,160
112,-18,1,-96,-16,140,160
112,-18,1,-96,-16,140,160
112,-18,1,-96,-16,140,160
112,-18,1,-96,-16,140,160
112,-18,1,-96,-16,140,160
112,-18,1,-96,-16,140,160
112,-18,1,-96,-16,140,160
112,-18,1,-96,-16,140,160
112,-18,1,-96,-16,140,160
112,-18,1,-96,-16,140,160
112,-18,1,-96,-16,140,160
112,-18,1,-96,-16,140,160
112,-18,1,-96,-16,140,160
112,-18,1,-96,-16,140,160
112,-18,1,-96,-16,140,160
112,-18,1,-96,-16,140,160
112,-18,1,-96,-16,140,160
112,-18,1,-96,-16,140,160
112,-18,1,-96,-16,140,160
112,-18,1,-96,-16,140,160
112,-18,1,-96,-16,140,160
112,-18,1,-96,-16,140,160
112,-18,1,-96,-16,140,160
112,-18,1,-96,-16,140,160
112,-18,1,-96,-16,140,160
112,-18,1,-96,-16,140,160
112,-18,1,-96,-16,140,160
112,-18,1,-96,-16,140,160
112,-18,1,-96,-16,140,160
112,-18,1,-96,-16,140,160
112,-18,1,-96,-16,140,160
112,-18,1,-96,-16,140,160
112,-18,1,-96,-16,140,160
112,-18,1,-96,-16,140,160
112,-18,1,-96,-16,140,160
112,-18,1,-96,-16,140,160
112,-18,1,-96,-16,140,160
112,-18,1,-96,-16,140,160
112,-18,1,-96,-16,140,160
112,-18,1,-96,-16,140,160
112,-18,1,-96,-16,140,160
112,-18,1,-96,-16,140,160
112,-18,1,-96,-16,140,160
112,-18,1,-96,-16,140,160
112,-18,1,-96,-16,140,160
112,-18,1,-96,-16,140,160
112,-18,1,-96,-16,140,160
112,-18,1,-96,-16,140,160
112,-18,1,-96,-16,140,160
112,-18,1,-96,-16,140,160
112,-18,1,-96,-16,140,160
112,-18,1,-96,-16,140,160
112,-18,1,-96,-16,140,160
112,-18,1,-96,-16,140,160
112,-18,1,-96,-16,140,160
112,-18,1,-96,-16,140,160
112,-18,1,-96,-16,140,160
112,-18,1,-96,-16,140,160
113,-6,1,-99,-5,6,120
113,-6,1,-99,-5,6,120
113,-6,1,-99,-5,6,120
113,-6,1,-99,-5,6,120
113,-6,1,-99,-5,6,120
113,-6,1,-99,-5,6,120
113,-6,1,-99,-5,6,120
113,-6,1,-99,-5,6,120
113,-6,1,-99,-5,6,120
113,-6,1,-99,-5,6,120
113,-6,1,-99,-5,6,120
113,-6,1,-99,-5,6,120
113,-6,1,-99,-5,6,120
113,-6,1,-99,-5,6,120
113,-6,1,-99,-5,6,120
113,-6,1,-99,-5,6,120
113,-6,1,-99,-5,6,120
113,-6,1,-99,-5,6,120
113,-6,1,-99,-5,6,120
113,-6,1,-99,-5,6,120
113,-6,1,-99,-5,6,120
113,-6,1,-99,-5,6,120
113,-6,1,-99,-5,6,120
113,-6,1,-99,-5,6,120
113,-6,1,-99,-5,6,120
113,-6,1,-99,-5,6,120
113,-6,1,-99,-5,6,120
113,-6,1,-99,-5,6,120
113,-6,1,-99,-5,6,120
113,-6,1,-99,-5,6,120
113,-6,1,-99,-5,6,120
113,-6,1,-99,-5,6,120
113,-6,1,-99,-5,6,120
113,-6,1,-99,-5,6,120
113,-6,1,-99,-5,6,120
113,-6,1,-99,-5,6,120
113,-6,1,-99,-5,6,120
113,-6,1,-99,-5,6,120
113,-6,1,-99,-5,6,120
113,-6,1,-99,-5,6,120
113,-6,1,-99,-5,6,120
113,-6,1,-99,-5,6,120
113,-6,1,-99,-5,6,120
113,-6,1,-99,-5,6,120
113,-6,1,-99,-5,6,120
113,-6,1,-99,-5,6,120
113,-6,1,-99,-5,6,120
113,-6,1,-99,-5,6,120
113,-6,1,-99,-5,6,120
113,-6,1,-99,-5,6,120
113,-6,1,-99,-5,6,120
113,-6,1,-99,-5,6,120
113,-6,1,-99,-5,6,120
113,-6,1,-99,-5,6,120
113,-6,1,-99,-5,6,120
113,-6,1,-99,-5,6,120
113,-6,1,-99,-5,6,120
113,-6,1,-99,-5,6,120
113,-6,1,-99,-5,6,120
113,-6,1,-99,-5,6,120
113,-6,1,-99,-5,6,120
113,-6,1,-99,-5,6,120
113,-6,1,-99,-5,6,120
113,-6,1,-99,-5,6,120
113,-6,1,-99,-5,6,120
113,-6,1,-99,-5,6,120
114,7,0,-99,7,-6,80
114,7,0,-99,7,-6,80
114,7,0,-99,7,-6,80
114,7,0,-99,7,-6,80
114,7,0,-99,7,-6,80
114,7,0,-99,7,-6,80
114,7,0,-99,7,-6,80
114,7,0,-99,7,-6,80
114,7,0,-99,7,-6,80
114,7,0,-99,7,-6,80
114,7,0,-99,7,-6,80
114,7,0,-99,7,-6,80
114,7,0,-99,7,-6,80
114,7,0,-99,7,-6,80
114,7,0,-99,7,-6,80
114,7,0,-99,7,-6,80
114,7,0,-99,7,-6,80
114,7,0,-99,7,-6,80
114,7,0,-99,7,-6,80
114,7,0,-99,7,-6,80
114,7,0,-99,7,-6,80
114,7,0,-99,7,-6,80
114,7,0,-99,7,-6,80
114,7,0,-99,7,-6,80
114,7,0,-99,7,-6,80
114,7,0,-99,7,-6,80
114,7,0,-99,7,-6,80
114,7,0,-99,7,-6,80
114,7,0,-99,7,-6,80
114,7,0,-99,7,-6,80
114,7,0,-99,7,-6,80
114,7,0,-99,7,-6,80
114,7,0,-99,7,-6,80
114,7,0,-99,7,-6,80
114,7,0,-99,7,-6,80
114,7,0,-99,7,-6,80
114,7,0,-99,7,-6,80
114,7,0,-99,7,-6,80
114,7,0,-99,7,-6,80
114,7,0,-99,7,-6,80
114,7,0,-99,7,-6,80
114,7,0,-99,7,-6,80
114,7,0,-99,7,-6,80
114,7,0,-99,7,-6,80
114,7,0,-99,7,-6,80
114,7,0,-99,7,-6,80
114,7,0,-99,7,-6,80
114,7,0,-99,7,-6,80
114,7,0,-99,7,-6,80
114,7,0,-99,7,-6,80
114,7,0,-99,7,-6,80
114,7,0,-99,7,-6,80
114,7,0,-99,7,-6,80
114,7,0,-99,7,-6,80
114,7,0,-99,7,-6,80
114,7,0,-99,7,-6,80
114,7,0,-99,7,-6,80
114,7,0,-99,7,-6,80
114,7,0,-99,7,-6,80
114,7,0,-99,7,-6,80
114,7,0,-99,7,-6,80
114,7,0,-99,7,-6,80
114,7,0,-99,7,-6,80
114,7,0,-99,7,-6,80
114,7,0,-99,7,-6,80
114,7,0,-99,7,-6,80
115,-2,1,-99,-1,144,120
115,-2,1,-99,-1,144,120
115,-2,1,-99,-1,144,120
115,-2,1,-99,-1,144,120
115,-2,1,-99,-1,144,120
115,-2,1,-99,-1,144,120
115,-2,1,-99,-1,144,120
115,-2,1,-99,-1,144,120
115,-2,1,-99,-1,144,120
115,-2,1,-99,-1,144,120
115,-2,1,-99,-1,144,120
115,-2,1,-99,-1,144,120
115,-2,1,-99,-1,144,120
115,-2,1,-99,-1,144,120
115,-2,1,-99,-1,144,120
115,-2,1,-99,-1,144,120
115,-2,1,-99,-1,144,120
115,-2,1,-99,-1,144,120
115,-2,1,-99,-1,144,120
115,-2,1,-99,-1,144,120
115,-2,1,-99,-1,144,120
115,-2,1,-99,-1,144,120
115,-2,1,-99,-1,144,120
115,-2,1,-99,-1,144,120
115,-2,1,-99,-1,144,120
115,-2,1,-99,-1,144,120
115,-2,1,-99,-1,144,120
115,-2,1,-99,-1,144,120
115,-2,1,-99,-1,144,120
115,-2,1,-99,-1,144,120
115,-2,1,-99,-1,144,120
115,-2,1,-99,-1,144,120
115,-2,1,-99,-1,144,120
115,-2,1,-99,-1,144,120
115,-2,1,-99,-1,144,120
115,-2,1,-99,-1,144,120
115,-2,1,-99,-1,144,120
115,-2,1,-99,-1,144,120
115,-2,1,-99,-1,144,120
115,-2,1,-99,-1,144,120
115,-2,1,-99,-1,144,120
115,-2,1,-99,-1,144,120
115,-2,1,-99,-1,144,120
115,-2,1,-99,-1,144,120
115,-2,1,-99,-1,144,120
115,-2,1,-99,-1,144,120
115,-2,1,-99,-1,144,120
115,-2,1,-99,-1,144,120
115,-2,1,-99,-1,144,120
115,-2,1,-99,-1,144,120
115,-2,1,-99,-1,144,120
115,-2,1,-99,-1,144,120
115,-2,1,-99,-1,144,120
115,-2,1,-99,-1,144,120
115,-2,1,-99,-1,144,120
115,-2,1,-99,-1,144,120
115,-2,1,-99,-1,144,120
115,-2,1,-99,-1,144,120
115,-2,1,-99,-1,144,120
115,-2,1,-99,-1,144,120
115,-2,1,-99,-1,144,120
115,-2,1,-99,-1,144,120
115,-2,1,-99,-1,144,120
115,-2,1,-99,-1,144,120
115,-2,1,-99,-1,144,120
115,-2,1,-99,-1,144,120
116,3,1,-99,3,-4,80
116,3,1,-99,3,-4,80
116,3,1,-99,3,-4,80
116,3,1,-99,3,-4,80
116,3,1,-99,3,-4,80
116,3,1,-99,3,-4,80
116,3,1,-99,3,-4,80
116,3,1,-99,3,-4,80
116,3,1,-99,3,-4,80
116,3,1,-99,3,-4,80
116,3,1,-99,3,-4,80
116,3,1,-99,3,-4,80
116,3,1,-99,3,-4,80
116,3,1,-99,3,-4,80
116,3,1,-99,3,-4,80
116,3,1,-99,3,-4,80
116,3,1,-99,3,-4,80
116,3,1,-99,3,-4,80
116,3,1,-99,3,-4,80
116,3,1,-99,3,-4,80
116,3,1,-99,3,-4,80
116,3,1,-99,3,-4,80
116,3,1,-99,3,-4,80
116,3,1,-99,3,-4,80
116,3,1,-99,3,-4,80
116,3,1,-99,3,-4,80
116,3,1,-99,3,-4,80
116,3,1,-99,3,-4,80
116,3,1,-99,3,-4,80
116,3,1,-99,3,-4,80
116,3,1,-99,3,-4,80
116,3,1,-99,3,-4,80
116,3,1,-99,3,-4,80
116,3,1,-99,3,-4,80
116,3,1,-99,3,-4,80
116,3,1,-99,3,-4,80
116,3,1,-99,3,-4,80
116,3,1,-99,3,-4,80
116,3,1,-99,3,-4,80
116,3,1,-99,3,-4,80
116,3,1,-99,3,-4,80
116,3,1,-99,3,-4,80
116,3,1,-99,3,-4,80
116,3,1,-99,3,-4,80
116,3,1,-99,3,-4,80
116,3,1,-99,3,-4,80
116,3,1,-99,3,-4,80
116,3,1,-99,3,-4,80
116,3,1,-99,3,-4,80
116,3,1,-99,3,-4,80
116,3,1,-99,3,-4,80
116,3,1,-99,3,-4,80
116,3,1,-99,3,-4,80
116,3,1,-99,3,-4,80
116,3,1,-99,3,-4,80
116,3,1,-99,3,-4,80
116,3,1,-99,3,-4,80
116,3,1,-99,3,-4,80
116,3,1,-99,3,-4,80
116,3,1,-99,3,-4,80
116,3,1,-99,3,-4,80
116,3,1,-99,3,-4,80
116,3,1,-99,3,-4,80
116,3,1,-99,3,-4,80
117,1,1,-99,1,-5,40
117,1,1,-99,1,-5,40
117,1,1,-99,1,-5,40
117,1,1,-99,1,-5,40
117,1,1,-99,1,-5,40
117,1,1,-99,1,-5,40
117,1,1,-99,1,-5,40
117,1,1,-99,1,-5,40
117,1,1,-99,1,-5,40
117,1,1,-99,1,-5,40
117,1,1,-99,1,-5,40
117,1,1,-99,1,-5,40
117,1,1,-99,1,-5,40
117,1,1,-99,1,-5,40
117,1,1,-99,1,-5,40
117,1,1,-99,1,-5,40
117,1,1,-99,1,-5,40
117,1,1,-99,1,-5,40
117,1,1,-99,1,-5,40
117,1,1,-99,1,-5,40
117,1,1,-99,1,-5,40
117,1,1,-99,1,-5,40
117,1,1,-99,1,-5,40
117,1,1,-99,1,-5,40
117,1,1,-99,1,-5,40
117,1,1,-99,1,-5,40
117,1,1,-99,1,-5,40
117,1,1,-99,1,-5,40
117,1,1,-99,1,-5,40
117,1,1,-99,1,-5,40
117,1,1,-99,1,-5,40
117,1,1,-99,1,-5,40
117,1,1,-99,1,-5,40
117,1,1,-99,1,-5,40
117,1,1,-99,1,-5,40
117,1,1,-99,1,-5,40
117,1,1,-99,1,-5,40
117,1,1,-99,1,-5,40
117,1,1,-99,1,-5,40
117,1,1,-99,1,-5,40
117,1,1,-99,1,-5,40
117,1,1,-99,1,-5,40
117,1,1,-99,1,-5,40
117,1,1,-99,1,-5,40
117,1,1,-99,1,-5,40
117,1,1,-99,1,-5,40
117,1,1,-99,1,-5,40
117,1,1,-99,1,-5,40
117,1,1,-99,1,-5,40
117,1,1,-99,1,-5,40
117,1,1,-99,1,-5,40
117,1,1,-99,1,-5,40
117,1,1,-99,1,-5,40
117,1,1,-99,1,-5,40
117,1,1,-99,1,-5,40
117,1,1,-99,1,-5,40
117,1,1,-99,1,-5,40
117,1,1,-99,1,-5,40
117,1,1,-99,1,-5,40
117,1,1,-99,1,-5,40
117,1,1,-99,1,-5,40
117,1,1,-99,1,-5,40
117,1,1,-99,1,-5,40
117,1,1,-99,1,-5,40
117,1,1,-99,1,-5,40
117,1,1,-99,1,-5,40
118,-4,0,-99,-3,0,0
118,-4,0,-99,-3,0,0
118,-4,0,-99,-3,0,0
118,-4,0,-99,-3,0,0
118,-4,0,-99,-3,0,0
118,-4,0,-99,-3,0,0
118,-4,0,-99,-3,0,0
118,-4,0,-99,-3,0,0
118,-4,0,-99,-3,0,0
118,-4,0,-99,-3,0,0
118,-4,0,-99,-3,0,0
118,-4,0,-99,-3,0,0
118,-4,0,-99,-3,0,0
118,-4,0,-99,-3,0,0
118,-4,0,-99,-3,0,0
118,-4,0,-99,-3,0,0
118,-4,0,-99,-3,0,0
118,-4,0,-99,-3,0,0
118,-4,0,-99,-3,0,0
118,-4,0,-99,-3,0,0
118,-4,0,-99,-3,0,0
118,-4,0,-99,-3,0,0
118,-4,0,-99,-3,0,0
118,-4,0,-99,-3,0,0
118,-4,0,-99,-3,0,0
118,-4,0,-99,-3,0,0
118,-4,0,-99,-3,0,0
118,-4,0,-99,-3,0,0
118,-4,0,-99,-3,0,0
118,-4,0,-99,-3,0,0
118,-4,0,-99,-3,0,0
118,-4,0,-99,-3,0,0
118,-4,0,-99,-3,0,0
118,-4,0,-99,-3,0,0
118,-4,0,-99,-3,0,0
118,-4,0,-99,-3,0,0
118,-4,0,-99,-3,0,0
118,-4,0,-99,-3,0,0
118,-4,0,-99,-3,0,0
118,-4,0,-99,-3,0,0
118,-4,0,-99,-3,0,0
118,-4,0,-99,-3,0,0
118,-4,0,-99,-3,0,0
118,-4,0,-99,-3,0,0
118,-4,0,-99,-3,0,0
118,-4,0,-99,-3,0,0
118,-4,0,-99,-3,0,0
118,-4,0,-99,-3,0,0
118,-4,0,-99,-3,0,0
118,-4,0,-99,-3,0,0
118,-4,0,-99,-3,0,0
118,-4,0,-99,-3,0,0
118,-4,0,-99,-3,0,0
118,-4,0,-99,-3,0,0
118,-4,0,-99,-3,0,0
118,-4,0,-99,-3,0,0
118,-4,0,-99,-3,0,0
118,-4,0,-99,-3,0,0
118,-4,0,-99,-3,0,0
118,-4,0,-99,-3,0,0
118,-4,0,-99,-3,0,0
118,-4,0,-99,-3,0,0
118,-4,0,-99,-3,0,0
118,-4,0,-99,-3,0,0
118,-4,0,-99,-3,0,0
118,-4,0,-99,-3,0,0
118,-4,0,-99,-3,0,0
118,-4,0,-99,-3,0,0
119,-16,1,-97,-14,163,40
119,-16,1,-97,-14,163,40
119,-16,1,-97,-14,163,40
119,-16,1,-97,-14,163,40
119,-16,1,-97,-14,163,40
119,-16,1,-97,-14,163,40
119,-16,1,-97,-14,163,40
119,-16,1,-97,-14,163,40
119,-16,1,-97,-14,163,40
119,-16,1,-97,-14,163,40
119,-16,1,-97,-14,163,40
119,-16,1,-97,-14,163,40
119,-16,1,-97,-14,163,40
119,-16,1,-97,-14,163,40
119,-16,1,-97,-14,163,40
119,-16,1,-97,-14,163,40
119,-16,1,-97,-14,163,40
119,-16,1,-97,-14,163,40
119,-16,1,-97,-14,163,40
119,-16,1,-97,-14,163,40
119,-16,1,-97,-14,163,40
119,-16,1,-97,-14,163,40
119,-16,1,-97,-14,163,40
119,-16,1,-97,-14,163,40
119,-16,1,-97,-14,163,40
119,-16,1,-97,-14,163,40
119,-16,1,-97,-14,163,40
119,-16,1,-97,-14,163,40
119,-16,1,-97,-14,163,40
119,-16,1,-97,-14,163,40
119,-16,1,-97,-14,163,40
119,-16,1,-97,-14,163,40
119,-16,1,-97,-14,163,40
119,-16,1,-97,-14,163,40
119,-16,1,-97,-14,163,40
119,-16,1,-97,-14,163,40
119,-16,1,-97,-14,163,40
119,-16,1,-97,-14,163,40
119,-16,1,-97,-14,163,40
119,-16,1,-97,-14,163,40
119,-16,1,-97,-14,163,40
119,-16,1,-97,-14,163,40
119,-16,1,-97,-14,163,40
119,-16,1,-97,-14,163,40
119,-16,1,-97,-14,163,40
119,-16,1,-97,-14,163,40
119,-16,1,-97,-14,163,40
119,-16,1,-97,-14,163,40
119,-16,1,-97,-14,163,40
119,-16,1,-97,-14,163,40
119,-16,1,-97,-14,163,40
119,-16,1,-97,-14,163,40
119,-16,1,-97,-14,163,40
119,-16,1,-97,-14,163,40
119,-16,1,-97,-14,163,40
119,-16,1,-97,-14,163,40
119,-16,1,-97,-14,163,40
119,-16,1,-97,-14,163,40
119,-16,1,-97,-14,163,40
119,-16,1,-97,-14,163,40
119,-16,1,-97,-14,163,40
119,-16,1,-97,-14,163,40
119,-16,1,-97,-14,163,40
119,-16,1,-97,-14,163,40
119,-16,1,-97,-14,163,40
119,-16,1,-97,-14,163,40
119,-16,1,-97,-14,163,40
120,-2,0,-99,-1,13,0
120,-2,0,-99,-1,13,0
120,-2,0,-99,-1,13,0
120,-2,0,-99,-1,13,0
120,-2,0,-99,-1,13,0
120,-2,0,-99,-1,13,0
120,-2,0,-99,-1,13,0
120,-2,0,-99,-1,13,0
120,-2,0,-99,-1,13,0
120,-2,0,-99,-1,13,0
120,-2,0,-99,-1,13,0
120,-2,0,-99,-1,13,0
120,-2,0,-99,-1,13,0
120,-2,0,-99,-1,13,0
120,-2,0,-99,-1,13,0
120,-2,0,-99,-1,13,0
120,-2,0,-99,-1,13,0
120,-2,0,-99,-1,13,0
120,-2,0,-99,-1,13,0
120,-2,0,-99,-1,13,0
120,-2,0,-99,-1,13,0
120,-2,0,-99,-1,13,0
120,-2,0,-99,-1,13,0
120,-2,0,-99,-1,13,0
120,-2,0,-99,-1,13,0
120,-2,0,-99,-1,13,0
120,-2,0,-99,-1,13,0
120,-2,0,-99,-1,13,0
120,-2,0,-99,-1,13,0
120,-2,0,-99,-1,13,0
120,-2,0,-99,-1,13,0
120,-2,0,-99,-1,13,0
120,-2,0,-99,-1,13,0
120,-2,0,-99,-1,13,0
120,-2,0,-99,-1,13,0
120,-2,0,-99,-1,13,0
120,-2,0,-99,-1,13,0
120,-2,0,-99,-1,13,0
120,-2,0,-99,-1,13,0
120,-2,0,-99,-1,13,0
120,-2,0,-99,-1,13,0
120,-2,0,-99,-1,13,0
120,-2,0,-99,-1,13,0
120,-2,0,-99,-1,13,0
120,-2,0,-99,-1,13,0
120,-2,0,-99,-1,13,0
120,-2,0,-99,-1,13,0
120,-2,0,-99,-1,13,0
120,-2,0,-99,-1,13,0
120,-2,0,-99,-1,13,0
120,-2,0,-99,-1,13,0
120,-2,0,-99,-1,13,0
120,-2,0,-99,-1,13,0
120,-2,0,-99,-1,13,0
120,-2,0,-99,-1,13,0
120,-2,0,-99,-1,13,0
120,-2,0,-99,-1,13,0
120,-2,0,-99,-1,13,0
120,-2,0,-99,-1,13,0
120,-2,0,-99,-1,13,0
120,-2,0,-99,-1,13,0
120,-2,0,-99,-1,13,0
120,-2,0,-99,-1,13,0
120,-2,0,-99,-1,13,0
121,1,0,-99,1,139,40
121,1,0,-99,1,139,40
121,1,0,-99,1,139,40
121,1,0,-99,1,139,40
121,1,0,-99,1,139,40
121,1,0,-99,1,139,40
121,1,0,-99,1,139,40
121,1,0,-99,1,139,40
121,1,0,-99,1,139,40
121,1,0,-99,1,139,40
121,1,0,-99,1,139,40
121,1,0,-99,1,139,40
121,1,0,-99,1,139,40
121,1,0,-99,1,139,40
121,1,0,-99,1,139,40
121,1,0,-99,1,139,40
121,1,0,-99,1,139,40
121,1,0,-99,1,139,40
121,1,0,-99,1,139,40
121,1,0,-99,1,139,40
121,1,0,-99,1,139,40
121,1,0,-99,1,139,40
121,1,0,-99,1,139,40
121,1,0,-99,1,139,40
121,1,0,-99,1,139,40
121,1,0,-99,1,139,40
121,1,0,-99,1,139,40
121,1,0,-99,1,139,40
121,1,0,-99,1,139,40
121,1,0,-99,1,139,40
121,1,0,-99,1,139,40
121,1,0,-99,1,139,40
121,1,0,-99,1,139,40
121,1,0,-99,1,139,40
121,1,0,-99,1,139,40
121,1,0,-99,1,139,40
121,1,0,-99,1,139,40
121,1,0,-99,1,139,40
121,1,0,-99,1,139,40
122,1,1,-99,1,98,80
122,1,1,-99,1,98,80
122,1,1,-99,1,98,80
122,1,1,-99,1,98,80
122,1,1,-99,1,98,80
122,1,1,-99,1,98,80
122,1,1,-99,1,98,80
122,1,1,-99,1,98,80
122,1,1,-99,1,98,80
122,1,1,-99,1,98,80
122,1,1,-99,1,98,80
122,1,1,-99,1,98,80
122,1,1,-99,1,98,80
122,1,1,-99,1,98,80
122,1,1,-99,1,98,80
122,1,1,-99,1,98,80
122,1,1,-99,1,98,80
122,1,1,-99,1,98,80
122,1,1,-99,1,98,80
122,1,1,-99,1,98,80
122,1,1,-99,1,98,80
122,1,1,-99,1,98,80
122,1,1,-99,1,98,80
122,1,1,-99,1,98,80
122,1,1,-99,1,98,80
122,1,1,-99,1,98,80
122,1,1,-99,1,98,80
122,1,1,-99,1,98,80
122,1,1,-99,1,98,80
122,1,1,-99,1,98,80
122,1,1,-99,1,98,80
122,1,1,-99,1,98,80
122,1,1,-99,1,98,80
122,1,1,-99,1,98,80
122,1,1,-99,1,98,80
122,1,1,-99,1,98,80
122,1,1,-99,1,98,80
122,1,1,-99,1,98,80
122,1,1,-99,1,98,80
122,1,1,-99,1,98,80
122,1,1,-99,1,98,80
122,1,1,-99,1,98,80
122,1,1,-99,1,98,80
122,1,1,-99,1,98,80
122,1,1,-99,1,98,80
122,1,1,-99,1,98,80
122,1,1,-99,1,98,80
122,1,1,-99,1,98,80
122,1,1,-99,1,98,80
122,1,1,-99,1,98,80
122,1,1,-99,1,98,80
122,1,1,-99,1,98,80
122,1,1,-99,1,98,80
122,1,1,-99,1,98,80
122,1,1,-99,1,98,80
122,1,1,-99,1,98,80
122,1,1,-99,1,98,80
122,1,1,-99,1,98,80
122,1,1,-99,1,98,80
122,1,1,-99,1,98,80
123,9,1,-99,9,0,40
123,9,1,-99,9,0,40
123,9,1,-99,9,0,40
123,9,1,-99,9,0,40
123,9,1,-99,9,0,40
123,9,1,-99,9,0,40
123,9,1,-99,9,0,40
123,9,1,-99,9,0,40
123,9,1,-99,9,0,40
123,9,1,-99,9,0,40
123,9,1,-99,9,0,40
123,9,1,-99,9,0,40
123,9,1,-99,9,0,40
123,9,1,-99,9,0,40
123,9,1,-99,9,0,40
123,9,1,-99,9,0,40
123,9,1,-99,9,0,40
123,9,1,-99,9,0,40
123,9,1,-99,9,0,40
123,9,1,-99,9,0,40
123,9,1,-99,9,0,40
123,9,1,-99,9,0,40
123,9,1,-99,9,0,40
123,9,1,-99,9,0,40
123,9,1,-99,9,0,40
123,9,1,-99,9,0,40
123,9,1,-99,9,0,40
123,9,1,-99,9,0,40
123,9,1,-99,9,0,40
123,9,1,-99,9,0,40
123,9,1,-99,9,0,40
123,9,1,-99,9,0,40
123,9,1,-99,9,0,40
123,9,1,-99,9,0,40
123,9,1,-99,9,0,40
123,9,1,-99,9,0,40
123,9,1,-99,9,0,40
123,9,1,-99,9,0,40
123,9,1,-99,9,0,40
123,9,1,-99,9,0,40
123,9,1,-99,9,0,40
123,9,1,-99,9,0,40
123,9,1,-99,9,0,40
123,9,1,-99,9,0,40
123,9,1,-99,9,0,40
123,9,1,-99,9,0,40
123,9,1,-99,9,0,40
123,9,1,-99,9,0,40
123,9,1,-99,9,0,40
123,9,1,-99,9,0,40
123,9,1,-99,9,0,40
123,9,1,-99,9,0,40
123,9,1,-99,9,0,40
123,9,1,-99,9,0,40
123,9,1,-99,9,0,40
123,9,1,-99,9,0,40
123,9,1,-99,9,0,40
123,9,1,-99,9,0,40
123,9,1,-99,9,0,40
123,9,1,-99,9,0,40
123,9,1,-99,9,0,40
123,9,1,-99,9,0,40
123,9,1,-99,9,0,40
123,9,1,-99,9,0,40
123,9,1,-99,9,0,40
123,9,1,-99,9,0,40
123,9,1,-99,9,0,40
123,9,1,-99,9,0,40
124,6,1,-99,6,-12,0
124,6,1,-99,6,-12,0
124,6,1,-99,6,-12,0
124,6,1,-99,6,-12,0
124,6,1,-99,6,-12,0
124,6,1,-99,6,-12,0
124,6,1,-99,6,-12,0
124,6,1,-99,6,-12,0
124,6,1,-99,6,-12,0
124,6,1,-99,6,-12,0
124,6,1,-99,6,-12,0
124,6,1,-99,6,-12,0
124,6,1,-99,6,-12,0
124,6,1,-99,6,-12,0
124,6,1,-99,6,-12,0
124,6,1,-99,6,-12,0
124,6,1,-99,6,-12,0
124,6,1,-99,6,-12,0
124,6,1,-99,6,-12,0
124,6,1,-99,6,-12,0
124,6,1,-99,6,-12,0
124,6,1,-99,6,-12,0
124,6,1,-99,6,-12,0
124,6,1,-99,6,-12,0
124,6,1,-99,6,-12,0
124,6,1,-99,6,-12,0
124,6,1,-99,6,-12,0
124,6,1,-99,6,-12,0
124,6,1,-99,6,-12,0
124,6,1,-99,6,-12,0
124,6,1,-99,6,-12,0
124,6,1,-99,6,-12,0
124,6,1,-99,6,-12,0
124,6,1,-99,6,-12,0
124,6,1,-99,6,-12,0
124,6,1,-99,6,-12,0
124,6,1,-99,6,-12,0
124,6,1,-99,6,-12,0
124,6,1,-99,6,-12,0
124,6,1,-99,6,-12,0
124,6,1,-99,6,-12,0
124,6,1,-99,6,-12,0
124,6,1,-99,6,-12,0
124,6,1,-99,6,-12,0
124,6,1,-99,6,-12,0
124,6,1,-99,6,-12,0
124,6,1,-99,6,-12,0
124,6,1,-99,6,-12,0
124,6,1,-99,6,-12,0
124,6,1,-99,6,-12,0
124,6,1,-99,6,-12,0
124,6,1,-99,6,-12,0
124,6,1,-99,6,-12,0
124,6,1,-99,6,-12,0
124,6,1,-99,6,-12,0
124,6,1,-99,6,-12,0
124,6,1,-99,6,-12,0
124,6,1,-99,6,-12,0
124,6,1,-99,6,-12,0
124,6,1,-99,6,-12,0
124,6,1,-99,6,-12,0
124,6,1,-99,6,-12,0
124,6,1,-99,6,-12,0
125,-6,1,-99,-5,12,-40
125,-6,1,-99,-5,12,-40
125,-6,1,-99,-5,12,-40
125,-6,1,-99,-5,12,-40
125,-6,1,-99,-5,12,-40
125,-6,1,-99,-5,12,-40
125,-6,1,-99,-5,12,-40
125,-6,1,-99,-5,12,-40
125,-6,1,-99,-5,12,-40
125,-6,1,-99,-5,12,-40
125,-6,1,-99,-5,12,-40
125,-6,1,-99,-5,12,-40
125,-6,1,-99,-5,12,-40
125,-6,1,-99,-5,12,-40
125,-6,1,-99,-5,12,-40
125,-6,1,-99,-5,12,-40
125,-6,1,-99,-5,12,-40
125,-6,1,-99,-5,12,-40
125,-6,1,-99,-5,12,-40
125,-6,1,-99,-5,12,-40
125,-6,1,-99,-5,12,-40
125,-6,1,-99,-5,12,-40
125,-6,1,-99,-5,12,-40
125,-6,1,-99,-5,12,-40
125,-6,1,-99,-5,12,-40
125,-6,1,-99,-5,12,-40
125,-6,1,-99,-5,12,-40
125,-6,1,-99,-5,12,-40
125,-6,1,-99,-5,12,-40
125,-6,1,-99,-5,12,-40
125,-6,1,-99,-5,12,-40
125,-6,1,-99,-5,12,-40
125,-6,1,-99,-5,12,-40
125,-6,1,-99,-5,12,-40
125,-6,1,-99,-5,12,-40
125,-6,1,-99,-5,12,-40
125,-6,1,-99,-5,12,-40
125,-6,1,-99,-5,12,-40
125,-6,1,-99,-5,12,-40
125,-6,1,-99,-5,12,-40
125,-6,1,-99,-5,12,-40
125,-6,1,-99,-5,12,-40
125,-6,1,-99,-5,12,-40
125,-6,1,-99,-5,12,-40
125,-6,1,-99,-5,12,-40
125,-6,1,-99,-5,12,-40
125,-6,1,-99,-5,12,-40
125,-6,1,-99,-5,12,-40
125,-6,1,-99,-5,12,-40
125,-6,1,-99,-5,12,-40
125,-6,1,-99,-5,12,-40
125,-6,1,-99,-5,12,-40
125,-6,1,-99,-5,12,-40
125,-6,1,-99,-5,12,-40
125,-6,1,-99,-5,12,-40
125,-6,1,-99,-5,12,-40
125,-6,1,-99,-5,12,-40
125,-6,1,-99,-5,12,-40
125,-6,1,-99,-5,12,-40
125,-6,1,-99,-5,12,-40
125,-6,1,-99,-5,12,-40
125,-6,1,-99,-5,12,-40
126,-10,1,-99,-9,-12,-80
126,-10,1,-99,-9,-12,-80
126,-10,1,-99,-9,-12,-80
126,-10,1,-99,-9,-12,-80
126,-10,1,-99,-9,-12,-80
126,-10,1,-99,-9,-12,-80
126,-10,1,-99,-9,-12,-80
126,-10,1,-99,-9,-12,-80
126,-10,1,-99,-9,-12,-80
126,-10,1,-99,-9,-12,-80
126,-10,1,-99,-9,-12,-80
126,-10,1,-99,-9,-12,-80
126,-10,1,-99,-9,-12,-80
126,-10,1,-99,-9,-12,-80
126,-10,1,-99,-9,-12,-80
126,-10,1,-99,-9,-12,-80
126,-10,1,-99,-9,-12,-80
126,-10,1,-99,-9,-12,-80
126,-10,1,-99,-9,-12,-80
126,-10,1,-99,-9,-12,-80
126,-10,1,-99,-9,-12,-80
126,-10,1,-99,-9,-12,-80
126,-10,1,-99,-9,-12,-80
126,-10,1,-99,-9,-12,-80
126,-10,1,-99,-9,-12,-80
126,-10,1,-99,-9,-12,-80
126,-10,1,-99,-9,-12,-80
126,-10,1,-99,-9,-12,-80
126,-10,1,-99,-9,-12,-80
126,-10,1,-99,-9,-12,-80
126,-10,1,-99,-9,-12,-80
126,-10,1,-99,-9,-12,-80
126,-10,1,-99,-9,-12,-80
126,-10,1,-99,-9,-12,-80
126,-10,1,-99,-9,-12,-80
126,-10,1,-99,-9,-12,-80
126,-10,1,-99,-9,-12,-80
126,-10,1,-99,-9,-12,-80
126,-10,1,-99,-9,-12,-80
126,-10,1,-99,-9,-12,-80
126,-10,1,-99,-9,-12,-80
126,-10,1,-99,-9,-12,-80
126,-10,1,-99,-9,-12,-80
126,-10,1,-99,-9,-12,-80
126,-10,1,-99,-9,-12,-80
126,-10,1,-99,-9,-12,-80
126,-10,1,-99,-9,-12,-80
126,-10,1,-99,-9,-12,-80
126,-10,1,-99,-9,-12,-80
126,-10,1,-99,-9,-12,-80
126,-10,1,-99,-9,-12,-80
126,-10,1,-99,-9,-12,-80
126,-10,1,-99,-9,-12,-80
126,-10,1,-99,-9,-12,-80
126,-10,1,-99,-9,-12,-80
126,-10,1,-99,-9,-12,-80
126,-10,1,-99,-9,-12,-80
126,-10,1,-99,-9,-12,-80
126,-10,1,-99,-9,-12,-80
126,-10,1,-99,-9,-12,-80
126,-10,1,-99,-9,-12,-80
126,-10,1,-99,-9,-12,-80
126,-10,1,-99,-9,-12,-80
126,-10,1,-99,-9,-12,-80
126,-10,1,-99,-9,-12,-80
126,-10,1,-99,-9,-12,-80
126,-10,1,-99,-9,-12,-80
126,-10,1,-99,-9,-12,-80
126,-10,1,-99,-9,-12,-80
126,-10,1,-99,-9,-12,-80
126,-10,1,-99,-9,-12,-80
127,-7,0,-99,-6,23,-120
127,-7,0,-99,-6,23,-120
127,-7,0,-99,-6,23,-120
127,-7,0,-99,-6,23,-120
127,-7,0,-99,-6,23,-120
127,-7,0,-99,-6,23,-120
127,-7,0,-99,-6,23,-120
127,-7,0,-99,-6,23,-120
127,-7,0,-99,-6,23,-120
127,-7,0,-99,-6,23,-120
127,-7,0,-99,-6,23,-120
127,-7,0,-99,-6,23,-120
127,-7,0,-99,-6,23,-120
127,-7,0,-99,-6,23,-120
127,-7,0,-99,-6,23,-120
127,-7,0,-99,-6,23,-120
127,-7,0,-99,-6,23,-120
127,-7,0,-99,-6,23,-120
127,-7,0,-99,-6,23,-120
127,-7,0,-99,-6,23,-120
127,-7,0,-99,-6,23,-120
127,-7,0,-99,-6,23,-120
127,-7,0,-99,-6,23,-120
127,-7,0,-99,-6,23,-120
127,-7,0,-99,-6,23,-120
127,-7,0,-99,-6,23,-120
127,-7,0,-99,-6,23,-120
127,-7,0,-99,-6,23,-120
127,-7,0,-99,-6,23,-120
127,-7,0,-99,-6,23,-120
127,-7,0,-99,-6,23,-120
127,-7,0,-99,-6,23,-120
127,-7,0,-99,-6,23,-120
127,-7,0,-99,-6,23,-120
127,-7,0,-99,-6,23,-120
127,-7,0,-99,-6,23,-120
127,-7,0,-99,-6,23,-120
127,-7,0,-99,-6,23,-120
127,-7,0,-99,-6,23,-120
127,-7,0,-99,-6,23,-120
127,-7,0,-99,-6,23,-120
127,-7,0,-99,-6,23,-120
127,-7,0,-99,-6,23,-120
127,-7,0,-99,-6,23,-120
127,-7,0,-99,-6,23,-120
127,-7,0,-99,-6,23,-120
127,-7,0,-99,-6,23,-120
127,-7,0,-99,-6,23,-120
127,-7,0,-99,-6,23,-120
127,-7,0,-99,-6,23,-120
127,-7,0,-99,-6,23,-120
127,-7,0,-99,-6,23,-120
127,-7,0,-99,-6,23,-120
127,-7,0,-99,-6,23,-120
127,-7,0,-99,-6,23,-120
127,-7,0,-99,-6,23,-120
127,-7,0,-99,-6,23,-120
127,-7,0,-99,-6,23,-120
127,-7,0,-99,-6,23,-120
127,-7,0,-99,-6,23,-120
127,-7,0,-99,-6,23,-120
127,-7,0,-99,-6,23,-120
127,-7,0,-99,-6,23,-120
128,-9,0,-99,-8,102,-80
128,-9,0,-99,-8,102,-80
128,-9,0,-99,-8,102,-80
128,-9,0,-99,-8,102,-80
128,-9,0,-99,-8,102,-80
128,-9,0,-99,-8,102,-80
128,-9,0,-99,-8,102,-80
128,-9,0,-99,-8,102,-80
128,-9,0,-99,-8,102,-80
128,-9,0,-99,-8,102,-80
128,-9,0,-99,-8,102,-80
128,-9,0,-99,-8,102,-80
128,-9,0,-99,-8,102,-80
128,-9,0,-99,-8,102,-80
128,-9,0,-99,-8,102,-80
128,-9,0,-99,-8,102,-80
128,-9,0,-99,-8,102,-80
128,-9,0,-99,-8,102,-80
128,-9,0,-99,-8,102,-80
128,-9,0,-99,-8,102,-80
128,-9,0,-99,-8,102,-80
128,-9,0,-99,-8,102,-80
128,-9,0,-99,-8,102,-80
128,-9,0,-99,-8,102,-80
128,-9,0,-99,-8,102,-80
128,-9,0,-99,-8,102,-80
128,-9,0,-99,-8,102,-80
128,-9,0,-99,-8,102,-80
128,-9,0,-99,-8,102,-80
128,-9,0,-99,-8,102,-80
128,-9,0,-99,-8,102,-80
128,-9,0,-99,-8,102,-80
128,-9,0,-99,-8,102,-80
128,-9,0,-99,-8,102,-80
128,-9,0,-99,-8,102,-80
128,-9,0,-99,-8,102,-80
128,-9,0,-99,-8,102,-80
128,-9,0,-99,-8,102,-80
128,-9,0,-99,-8,102,-80
128,-9,0,-99,-8,102,-80
128,-9,0,-99,-8,102,-80
128,-9,0,-99,-8,102,-80
128,-9,0,-99,-8,102,-80
128,-9,0,-99,-8,102,-80
128,-9,0,-99,-8,102,-80
128,-9,0,-99,-8,102,-80
128,-9,0,-99,-8,102,-80
128,-9,0,-99,-8,102,-80
128,-9,0,-99,-8,102,-80
128,-9,0,-99,-8,102,-80
128,-9,0,-99,-8,102,-80
128,-9,0,-99,-8,102,-80
128,-9,0,-99,-8,102,-80
128,-9,0,-99,-8,102,-80
128,-9,0,-99,-8,102,-80
128,-9,0,-99,-8,102,-80
128,-9,0,-99,-8,102,-80
128,-9,0,-99,-8,102,-80
128,-9,0,-99,-8,102,-80
128,-9,0,-99,-8,102,-80
128,-9,0,-99,-8,102,-80
128,-9,0,-99,-8,102,-80
128,-9,0,-99,-8,102,-80
128,-9,0,-99,-8,102,-80
128,-9,0,-99,-8,102,-80
129,-3,1,-99,-2,87,-40
129,-3,1,-99,-2,87,-40
129,-3,1,-99,-2,87,-40
129,-3,1,-99,-2,87,-40
129,-3,1,-99,-2,87,-40
129,-3,1,-99,-2,87,-40
129,-3,1,-99,-2,87,-40
129,-3,1,-99,-2,87,-40
129,-3,1,-99,-2,87,-40
129,-3,1,-99,-2,87,-40
129,-3,1,-99,-2,87,-40
129,-3,1,-99,-2,87,-40
129,-3,1,-99,-2,87,-40
129,-3,1,-99,-2,87,-40
129,-3,1,-99,-2,87,-40
129,-3,1,-99,-2,87,-40
129,-3,1,-99,-2,87,-40
129,-3,1,-99,-2,87,-40
129,-3,1,-99,-2,87,-40
129,-3,1,-99,-2,87,-40
129,-3,1,-99,-2,87,-40
129,-3,1,-99,-2,87,-40
129,-3,1,-99,-2,87,-40
129,-3,1,-99,-2,87,-40
129,-3,1,-99,-2,87,-40
129,-3,1,-99,-2,87,-40
129,-3,1,-99,-2,87,-40
129,-3,1,-99,-2,87,-40
129,-3,1,-99,-2,87,-40
129,-3,1,-99,-2,87,-40
129,-3,1,-99,-2,87,-40
129,-3,1,-99,-2,87,-40
129,-3,1,-99,-2,87,-40
129,-3,1,-99,-2,87,-40
129,-3,1,-99,-2,87,-40
129,-3,1,-99,-2,87,-40
129,-3,1,-99,-2,87,-40
129,-3,1,-99,-2,87,-40
129,-3,1,-99,-2,87,-40
129,-3,1,-99,-2,87,-40
129,-3,1,-99,-2,87,-40
129,-3,1,-99,-2,87,-40
129,-3,1,-99,-2,87,-40
129,-3,1,-99,-2,87,-40
129,-3,1,-99,-2,87,-40
129,-3,1,-99,-2,87,-40
129,-3,1,-99,-2,87,-40
129,-3,1,-99,-2,87,-40
129,-3,1,-99,-2,87,-40
129,-3,1,-99,-2,87,-40
129,-3,1,-99,-2,87,-40
129,-3,1,-99,-2,87,-40
129,-3,1,-99,-2,87,-40
129,-3,1,-99,-2,87,-40
129,-3,1,-99,-2,87,-40
129,-3,1,-99,-2,87,-40
129,-3,1,-99,-2,87,-40
129,-3,1,-99,-2,87,-40
129,-3,1,-99,-2,87,-40
129,-3,1,-99,-2,87,-40
129,-3,1,-99,-2,87,-40
129,-3,1,-99,-2,87,-40
129,-3,1,-99,-2,87,-40
130,15,0,-97,14,20,-80
130,15,0,-97,14,20,-80
130,15,0,-97,14,20,-80
130,15,0,-97,14,20,-80
130,15,0,-97,14,20,-80
130,15,0,-97,14,20,-80
130,15,0,-97,14,20,-80
130,15,0,-97,14,20,-80
130,15,0,-97,14,20,-80
130,15,0,-97,14,20,-80
130,15,0,-97,14,20,-80
130,15,0,-97,14,20,-80
130,15,0,-97,14,20,-80
130,15,0,-97,14,20,-80
130,15,0,-97,14,20,-80
130,15,0,-97,14,20,-80
130,15,0,-97,14,20,-80
130,15,0,-97,14,20,-80
130,15,0,-97,14,20,-80
130,15,0,-97,14,20,-80
130,15,0,-97,14,20,-80
130,15,0,-97,14,20,-80
130,15,0,-97,14,20,-80
130,15,0,-97,14,20,-80
130,15,0,-97,14,20,-80
130,15,0,-97,14,20,-80
130,15,0,-97,14,20,-80
130,15,0,-97,14,20,-80
130,15,0,-97,14,20,-80
130,15,0,-97,14,20,-80
130,15,0,-97,14,20,-80
130,15,0,-97,14,20,-80
130,15,0,-97,14,20,-80
130,15,0,-97,14,20,-80
130,15,0,-97,14,20,-80
130,15,0,-97,14,20,-80
130,15,0,-97,14,20,-80
130,15,0,-97,14,20,-80
130,15,0,-97,14,20,-80
130,15,0,-97,14,20,-80
130,15,0,-97,14,20,-80
130,15,0,-97,14,20,-80
130,15,0,-97,14,20,-80
130,15,0,-97,14,20,-80
130,15,0,-97,14,20,-80
130,15,0,-97,14,20,-80
130,15,0,-97,14,20,-80
130,15,0,-97,14,20,-80
130,15,0,-97,14,20,-80
130,15,0,-97,14,20,-80
130,15,0,-97,14,20,-80
130,15,0,-97,14,20,-80
130,15,0,-97,14,20,-80
130,15,0,-97,14,20,-80
130,15,0,-97,14,20,-80
130,15,0,-97,14,20,-80
130,15,0,-97,14,20,-80
130,15,0,-97,14,20,-80
130,15,0,-97,14,20,-80
130,15,0,-97,14,20,-80
130,15,0,-97,14,20,-80
130,15,0,-97,14,20,-80
130,15,0,-97,14,20,-80
130,15,0,-97,14,20,-80
130,15,0,-97,14,20,-80
130,15,0,-97,14,20,-80
131,3,0,-99,3,98,-40
131,3,0,-99,3,98,-40
131,3,0,-99,3,98,-40
131,3,0,-99,3,98,-40
131,3,0,-99,3,98,-40
131,3,0,-99,3,98,-40
131,3,0,-99,3,98,-40
131,3,0,-99,3,98,-40
131,3,0,-99,3,98,-40
131,3,0,-99,3,98,-40
131,3,0,-99,3,98,-40
131,3,0,-99,3,98,-40
131,3,0,-99,3,98,-40
131,3,0,-99,3,98,-40
131,3,0,-99,3,98,-40
131,3,0,-99,3,98,-40
131,3,0,-99,3,98,-40
131,3,0,-99,3,98,-40
131,3,0,-99,3,98,-40
131,3,0,-99,3,98,-40
131,3,0,-99,3,98,-40
131,3,0,-99,3,98,-40
131,3,0,-99,3,98,-40
131,3,0,-99,3,98,-40
131,3,0,-99,3,98,-40
131,3,0,-99,3,98,-40
131,3,0,-99,3,98,-40
131,3,0,-99,3,98,-40
131,3,0,-99,3,98,-40
131,3,0,-99,3,98,-40
131,3,0,-99,3,98,-40
131,3,0,-99,3,98,-40
131,3,0,-99,3,98,-40
131,3,0,-99,3,98,-40
131,3,0,-99,3,98,-40
131,3,0,-99,3,98,-40
131,3,0,-99,3,98,-40
131,3,0,-99,3,98,-40
131,3,0,-99,3,98,-40
131,3,0,-99,3,98,-40
131,3,0,-99,3,98,-40
131,3,0,-99,3,98,-40
131,3,0,-99,3,98,-40
131,3,0,-99,3,98,-40
131,3,0,-99,3,98,-40
131,3,0,-99,3,98,-40
131,3,0,-99,3,98,-40
131,3,0,-99,3,98,-40
131,3,0,-99,3,98,-40
131,3,0,-99,3,98,-40
131,3,0,-99,3,98,-40
131,3,0,-99,3,98,-40
131,3,0,-99,3,98,-40
131,3,0,-99,3,98,-40
131,3,0,-99,3,98,-40
131,3,0,-99,3,98,-40
131,3,0,-99,3,98,-40
131,3,0,-99,3,98,-40
131,3,0,-99,3,98,-40
131,3,0,-99,3,98,-40
131,3,0,-99,3,98,-40
131,3,0,-99,3,98,-40
132,-10,0,-99,-9,146,0
132,-10,0,-99,-9,146,0
132,-10,0,-99,-9,146,0
132,-10,0,-99,-9,146,0
132,-10,0,-99,-9,146,0
132,-10,0,-99,-9,146,0
132,-10,0,-99,-9,146,0
132,-10,0,-99,-9,146,0
132,-10,0,-99,-9,146,0
132,-10,0,-99,-9,146,0
132,-10,0,-99,-9,146,0
132,-10,0,-99,-9,146,0
132,-10,0,-99,-9,146,0
132,-10,0,-99,-9,146,0
132,-10,0,-99,-9,146,0
132,-10,0,-99,-9,146,0
132,-10,0,-99,-9,146,0
132,-10,0,-99,-9,146,0
132,-10,0,-99,-9,146,0
132,-10,0,-99,-9,146,0
132,-10,0,-99,-9,146,0
132,-10,0,-99,-9,146,0
132,-10,0,-99,-9,146,0
132,-10,0,-99,-9,146,0
132,-10,0,-99,-9,146,0
132,-10,0,-99,-9,146,0
132,-10,0,-99,-9,146,0
132,-10,0,-99,-9,146,0
132,-10,0,-99,-9,146,0
132,-10,0,-99,-9,146,0
132,-10,0,-99,-9,146,0
132,-10,0,-99,-9,146,0
132,-10,0,-99,-9,146,0
132,-10,0,-99,-9,146,0
132,-10,0,-99,-9,146,0
132,-10,0,-99,-9,146,0
132,-10,0,-99,-9,146,0
132,-10,0,-99,-9,146,0
132,-10,0,-99,-9,146,0
132,-10,0,-99,-9,146,0
132,-10,0,-99,-9,146,0
132,-10,0,-99,-9,146,0
132,-10,0,-99,-9,146,0
132,-10,0,-99,-9,146,0
132,-10,0,-99,-9,146,0
132,-10,0,-99,-9,146,0
132,-10,0,-99,-9,146,0
132,-10,0,-99,-9,146,0
132,-10,0,-99,-9,146,0
132,-10,0,-99,-9,146,0
132,-10,0,-99,-9,146,0
132,-10,0,-99,-9,146,0
132,-10,0,-99,-9,146,0
132,-10,0,-99,-9,146,0
132,-10,0,-99,-9,146,0
132,-10,0,-99,-9,146,0
132,-10,0,-99,-9,146,0
132,-10,0,-99,-9,146,0
132,-10,0,-99,-9,146,0
132,-10,0,-99,-9,146,0
132,-10,0,-99,-9,146,0
132,-10,0,-99,-9,146,0
132,-10,0,-99,-9,146,0
133,-10,1,-99,-9,113,40
133,-10,1,-99,-9,113,40
133,-10,1,-99,-9,113,40
133,-10,1,-99,-9,113,40
133,-10,1,-99,-9,113,40
133,-10,1,-99,-9,113,40
133,-10,1,-99,-9,113,40
133,-10,1,-99,-9,113,40
133,-10,1,-99,-9,113,40
133,-10,1,-99,-9,113,40
133,-10,1,-99,-9,113,40
133,-10,1,-99,-9,113,40
133,-10,1,-99,-9,113,40
133,-10,1,-99,-9,113,40
133,-10,1,-99,-9,113,40
133,-10,1,-99,-9,113,40
133,-10,1,-99,-9,113,40
133,-10,1,-99,-9,113,40
133,-10,1,-99,-9,113,40
133,-10,1,-99,-9,113,40
133,-10,1,-99,-9,113,40
133,-10,1,-99,-9,113,40
133,-10,1,-99,-9,113,40
133,-10,1,-99,-9,113,40
133,-10,1,-99,-9,113,40
133,-10,1,-99,-9,113,40
133,-10,1,-99,-9,113,40
133,-10,1,-99,-9,113,40
133,-10,1,-99,-9,113,40
133,-10,1,-99,-9,113,40
133,-10,1,-99,-9,113,40
133,-10,1,-99,-9,113,40
133,-10,1,-99,-9,113,40
133,-10,1,-99,-9,113,40
133,-10,1,-99,-9,113,40
133,-10,1,-99,-9,113,40
133,-10,1,-99,-9,113,40
133,-10,1,-99,-9,113,40
133,-10,1,-99,-9,113,40
133,-10,1,-99,-9,113,40
133,-10,1,-99,-9,113,40
133,-10,1,-99,-9,113,40
133,-10,1,-99,-9,113,40
133,-10,1,-99,-9,113,40
133,-10,1,-99,-9,113,40
133,-10,1,-99,-9,113,40
133,-10,1,-99,-9,113,40
133,-10,1,-99,-9,113,40
133,-10,1,-99,-9,113,40
133,-10,1,-99,-9,113,40
133,-10,1,-99,-9,113,40
133,-10,1,-99,-9,113,40
133,-10,1,-99,-9,113,40
133,-10,1,-99,-9,113,40
133,-10,1,-99,-9,113,40
133,-10,1,-99,-9,113,40
133,-10,1,-99,-9,113,40
133,-10,1,-99,-9,113,40
133,-10,1,-99,-9,113,40
133,-10,1,-99,-9,113,40
133,-10,1,-99,-9,113,40
133,-10,1,-99,-9,113,40
133,-10,1,-99,-9,113,40
133,-10,1,-99,-9,113,40
134,9,0,-99,9,1,0
134,9,0,-99,9,1,0
134,9,0,-99,9,1,0
134,9,0,-99,9,1,0
134,9,0,-99,9,1,0
134,9,0,-99,9,1,0
134,9,0,-99,9,1,0
134,9,0,-99,9,1,0
134,9,0,-99,9,1,0
134,9,0,-99,9,1,0
134,9,0,-99,9,1,0
134,9,0,-99,9,1,0
134,9,0,-99,9,1,0
134,9,0,-99,9,1,0
134,9,0,-99,9,1,0
134,9,0,-99,9,1,0
134,9,0,-99,9,1,0
134,9,0,-99,9,1,0
134,9,0,-99,9,1,0
134,9,0,-99,9,1,0
134,9,0,-99,9,1,0
134,9,0,-99,9,1,0
134,9,0,-99,9,1,0
134,9,0,-99,9,1,0
134,9,0,-99,9,1,0
134,9,0,-99,9,1,0
134,9,0,-99,9,1,0
134,9,0,-99,9,1,0
134,9,0,-99,9,1,0
134,9,0,-99,9,1,0
134,9,0,-99,9,1,0
134,9,0,-99,9,1,0
134,9,0,-99,9,1,0
134,9,0,-99,9,1,0
134,9,0,-99,9,1,0
134,9,0,-99,9,1,0
134,9,0,-99,9,1,0
134,9,0,-99,9,1,0
134,9,0,-99,9,1,0
134,9,0,-99,9,1,0
134,9,0,-99,9,1,0
134,9,0,-99,9,1,0
134,9,0,-99,9,1,0
134,9,0,-99,9,1,0
134,9,0,-99,9,1,0
134,9,0,-99,9,1,0
134,9,0,-99,9,1,0
134,9,0,-99,9,1,0
134,9,0,-99,9,1,0
134,9,0,-99,9,1,0
134,9,0,-99,9,1,0
134,9,0,-99,9,1,0
134,9,0,-99,9,1,0
134,9,0,-99,9,1,0
134,9,0,-99,9,1,0
134,9,0,-99,9,1,0
134,9,0,-99,9,1,0
134,9,0,-99,9,1,0
134,9,0,-99,9,1,0
134,9,0,-99,9,1,0
134,9,0,-99,9,1,0
134,9,0,-99,9,1,0
134,9,0,-99,9,1,0
134,9,0,-99,9,1,0
134,9,0,-99,9,1,0
134,9,0,-99,9,1,0
135,4,1,-99,4,162,40
135,4,1,-99,4,162,40
135,4,1,-99,4,162,40
135,4,1,-99,4,162,40
135,4,1,-99,4,162,40
135,4,1,-99,4,162,40
135,4,1,-99,4,162,40
135,4,1,-99,4,162,40
135,4,1,-99,4,162,40
135,4,1,-99,4,162,40
135,4,1,-99,4,162,40
135,4,1,-99,4,162,40
135,4,1,-99,4,162,40
135,4,1,-99,4,162,40
135,4,1,-99,4,162,40
135,4,1,-99,4,162,40
135,4,1,-99,4,162,40
135,4,1,-99,4,162,40
135,4,1,-99,4,162,40
135,4,1,-99,4,162,40
135,4,1,-99,4,162,40
135,4,1,-99,4,162,40
135,4,1,-99,4,162,40
135,4,1,-99,4,162,40
135,4,1,-99,4,162,40
135,4,1,-99,4,162,40
135,4,1,-99,4,162,40
135,4,1,-99,4,162,40
135,4,1,-99,4,162,40
135,4,1,-99,4,162,40
135,4,1,-99,4,162,40
135,4,1,-99,4,162,40
135,4,1,-99,4,162,40
135,4,1,-99,4,162,40
135,4,1,-99,4,162,40
135,4,1,-99,4,162,40
135,4,1,-99,4,162,40
135,4,1,-99,4,162,40
135,4,1,-99,4,162,40
135,4,1,-99,4,162,40
135,4,1,-99,4,162,40
135,4,1,-99,4,162,40
135,4,1,-99,4,162,40
135,4,1,-99,4,162,40
135,4,1,-99,4,162,40
135,4,1,-99,4,162,40
135,4,1,-99,4,162,40
136,5,1,-99,5,3,0
136,5,1,-99,5,3,0
136,5,1,-99,5,3,0
136,5,1,-99,5,3,0
136,5,1,-99,5,3,0
136,5,1,-99,5,3,0
136,5,1,-99,5,3,0
136,5,1,-99,5,3,0
136,5,1,-99,5,3,0
136,5,1,-99,5,3,0
136,5,1,-99,5,3,0
136,5,1,-99,5,3,0
136,5,1,-99,5,3,0
136,5,1,-99,5,3,0
136,5,1,-99,5,3,0
136,5,1,-99,5,3,0
136,5,1,-99,5,3,0
136,5,1,-99,5,3,0
136,5,1,-99,5,3,0
136,5,1,-99,5,3,0
136,5,1,-99,5,3,0
136,5,1,-99,5,3,0
136,5,1,-99,5,3,0
136,5,1,-99,5,3,0
136,5,1,-99,5,3,0
136,5,1,-99,5,3,0
136,5,1,-99,5,3,0
136,5,1,-99,5,3,0
136,5,1,-99,5,3,0
136,5,1,-99,5,3,0
136,5,1,-99,5,3,0
136,5,1,-99,5,3,0
136,5,1,-99,5,3,0
136,5,1,-99,5,3,0
136,5,1,-99,5,3,0
136,5,1,-99,5,3,0
136,5,1,-99,5,3,0
136,5,1,-99,5,3,0
136,5,1,-99,5,3,0
136,5,1,-99,5,3,0
136,5,1,-99,5,3,0
136,5,1,-99,5,3,0
136,5,1,-99,5,3,0
136,5,1,-99,5,3,0
136,5,1,-99,5,3,0
136,5,1,-99,5,3,0
136,5,1,-99,5,3,0
136,5,1,-99,5,3,0
136,5,1,-99,5,3,0
136,5,1,-99,5,3,0
136,5,1,-99,5,3,0
136,5,1,-99,5,3,0
136,5,1,-99,5,3,0
136,5,1,-99,5,3,0
136,5,1,-99,5,3,0
136,5,1,-99,5,3,0
136,5,1,-99,5,3,0
136,5,1,-99,5,3,0
137,-2,1,-99,-1,-9,-40
137,-2,1,-99,-1,-9,-40
137,-2,1,-99,-1,-9,-40
137,-2,1,-99,-1,-9,-40
137,-2,1,-99,-1,-9,-40
137,-2,1,-99,-1,-9,-40
137,-2,1,-99,-1,-9,-40
137,-2,1,-99,-1,-9,-40
137,-2,1,-99,-1,-9,-40
137,-2,1,-99,-1,-9,-40
137,-2,1,-99,-1,-9,-40
137,-2,1,-99,-1,-9,-40
137,-2,1,-99,-1,-9,-40
137,-2,1,-99,-1,-9,-40
137,-2,1,-99,-1,-9,-40
137,-2,1,-99,-1,-9,-40
137,-2,1,-99,-1,-9,-40
137,-2,1,-99,-1,-9,-40
137,-2,1,-99,-1,-9,-40
137,-2,1,-99,-1,-9,-40
137,-2,1,-99,-1,-9,-40
137,-2,1,-99,-1,-9,-40
137,-2,1,-99,-1,-9,-40
137,-2,1,-99,-1,-9,-40
137,-2,1,-99,-1,-9,-40
137,-2,1,-99,-1,-9,-40
137,-2,1,-99,-1,-9,-40
137,-2,1,-99,-1,-9,-40
137,-2,1,-99,-1,-9,-40
137,-2,1,-99,-1,-9,-40
137,-2,1,-99,-1,-9,-40
137,-2,1,-99,-1,-9,-40
137,-2,1,-99,-1,-9,-40
137,-2,1,-99,-1,-9,-40
137,-2,1,-99,-1,-9,-40
137,-2,1,-99,-1,-9,-40
137,-2,1,-99,-1,-9,-40
137,-2,1,-99,-1,-9,-40
137,-2,1,-99,-1,-9,-40
137,-2,1,-99,-1,-9,-40
137,-2,1,-99,-1,-9,-40
137,-2,1,-99,-1,-9,-40
137,-2,1,-99,-1,-9,-40
137,-2,1,-99,-1,-9,-40
137,-2,1,-99,-1,-9,-40
137,-2,1,-99,-1,-9,-40
137,-2,1,-99,-1,-9,-40
137,-2,1,-99,-1,-9,-40
137,-2,1,-99,-1,-9,-40
137,-2,1,-99,-1,-9,-40
137,-2,1,-99,-1,-9,-40
137,-2,1,-99,-1,-9,-40
137,-2,1,-99,-1,-9,-40
137,-2,1,-99,-1,-9,-40
137,-2,1,-99,-1,-9,-40
137,-2,1,-99,-1,-9,-40
137,-2,1,-99,-1,-9,-40
137,-2,1,-99,-1,-9,-40
137,-2,1,-99,-1,-9,-40
137,-2,1,-99,-1,-9,-40
137,-2,1,-99,-1,-9,-40
138,-7,0,-99,-6,7,-80
138,-7,0,-99,-6,7,-80
138,-7,0,-99,-6,7,-80
138,-7,0,-99,-6,7,-80
138,-7,0,-99,-6,7,-80
138,-7,0,-99,-6,7,-80
138,-7,0,-99,-6,7,-80
138,-7,0,-99,-6,7,-80
138,-7,0,-99,-6,7,-80
138,-7,0,-99,-6,7,-80
138,-7,0,-99,-6,7,-80
138,-7,0,-99,-6,7,-80
138,-7,0,-99,-6,7,-80
138,-7,0,-99,-6,7,-80
138,-7,0,-99,-6,7,-80
138,-7,0,-99,-6,7,-80
138,-7,0,-99,-6,7,-80
138,-7,0,-99,-6,7,-80
138,-7,0,-99,-6,7,-80
138,-7,0,-99,-6,7,-80
138,-7,0,-99,-6,7,-80
138,-7,0,-99,-6,7,-80
138,-7,0,-99,-6,7,-80
138,-7,0,-99,-6,7,-80
138,-7,0,-99,-6,7,-80
138,-7,0,-99,-6,7,-80
138,-7,0,-99,-6,7,-80
138,-7,0,-99,-6,7,-80
138,-7,0,-99,-6,7,-80
138,-7,0,-99,-6,7,-80
138,-7,0,-99,-6,7,-80
138,-7,0,-99,-6,7,-80
138,-7,0,-99,-6,7,-80
138,-7,0,-99,-6,7,-80
138,-7,0,-99,-6,7,-80
138,-7,0,-99,-6,7,-80
138,-7,0,-99,-6,7,-80
138,-7,0,-99,-6,7,-80
138,-7,0,-99,-6,7,-80
138,-7,0,-99,-6,7,-80
138,-7,0,-99,-6,7,-80
138,-7,0,-99,-6,7,-80
138,-7,0,-99,-6,7,-80
138,-7,0,-99,-6,7,-80
138,-7,0,-99,-6,7,-80
138,-7,0,-99,-6,7,-80
138,-7,0,-99,-6,7,-80
138,-7,0,-99,-6,7,-80
138,-7,0,-99,-6,7,-80
138,-7,0,-99,-6,7,-80
138,-7,0,-99,-6,7,-80
138,-7,0,-99,-6,7,-80
138,-7,0,-99,-6,7,-80
138,-7,0,-99,-6,7,-80
138,-7,0,-99,-6,7,-80
138,-7,0,-99,-6,7,-80
138,-7,0,-99,-6,7,-80
138,-7,0,-99,-6,7,-80
138,-7,0,-99,-6,7,-80
139,-17,1,-97,-15,134,-40
139,-17,1,-97,-15,134,-40
139,-17,1,-97,-15,134,-40
139,-17,1,-97,-15,134,-40
139,-17,1,-97,-15,134,-40
139,-17,1,-97,-15,134,-40
139,-17,1,-97,-15,134,-40
139,-17,1,-97,-15,134,-40
139,-17,1,-97,-15,134,-40
139,-17,1,-97,-15,134,-40
139,-17,1,-97,-15,134,-40
139,-17,1,-97,-15,134,-40
139,-17,1,-97,-15,134,-40
139,-17,1,-97,-15,134,-40
139,-17,1,-97,-15,134,-40
139,-17,1,-97,-15,134,-40
139,-17,1,-97,-15,134,-40
139,-17,1,-97,-15,134,-40
139,-17,1,-97,-15,134,-40
139,-17,1,-97,-15,134,-40
139,-17,1,-97,-15,134,-40
139,-17,1,-97,-15,134,-40
139,-17,1,-97,-15,134,-40
139,-17,1,-97,-15,134,-40
139,-17,1,-97,-15,134,-40
139,-17,1,-97,-15,134,-40
139,-17,1,-97,-15,134,-40
139,-17,1,-97,-15,134,-40
139,-17,1,-97,-15,134,-40
139,-17,1,-97,-15,134,-40
139,-17,1,-97,-15,134,-40
139,-17,1,-97,-15,134,-40
139,-17,1,-97,-15,134,-40
139,-17,1,-97,-15,134,-40
139,-17,1,-97,-15,134,-40
139,-17,1,-97,-15,134,-40
139,-17,1,-97,-15,134,-40
139,-17,1,-97,-15,134,-40
139,-17,1,-97,-15,134,-40
139,-17,1,-97,-15,134,-40
139,-17,1,-97,-15,134,-40
139,-17,1,-97,-15,134,-40
139,-17,1,-97,-15,134,-40
139,-17,1,-97,-15,134,-40
139,-17,1,-97,-15,134,-40
139,-17,1,-97,-15,134,-40
139,-17,1,-97,-15,134,-40
139,-17,1,-97,-15,134,-40
139,-17,1,-97,-15,134,-40
139,-17,1,-97,-15,134,-40
139,-17,1,-97,-15,134,-40
139,-17,1,-97,-15,134,-40
139,-17,1,-97,-15,134,-40
139,-17,1,-97,-15,134,-40
139,-17,1,-97,-15,134,-40
139,-17,1,-97,-15,134,-40
139,-17,1,-97,-15,134,-40
139,-17,1,-97,-15,134,-40
139,-17,1,-97,-15,134,-40
139,-17,1,-97,-15,134,-40
139,-17,1,-97,-15,134,-40
139,-17,1,-97,-15,134,-40
139,-17,1,-97,-15,134,-40
140,1,0,-99,1,3,-80
140,1,0,-99,1,3,-80
140,1,0,-99,1,3,-80
140,1,0,-99,1,3,-80
140,1,0,-99,1,3,-80
140,1,0,-99,1,3,-80
140,1,0,-99,1,3,-80
140,1,0,-99,1,3,-80
140,1,0,-99,1,3,-80
140,1,0,-99,1,3,-80
140,1,0,-99,1,3,-80
140,1,0,-99,1,3,-80
140,1,0,-99,1,3,-80
140,1,0,-99,1,3,-80
140,1,0,-99,1,3,-80
140,1,0,-99,1,3,-80
140,1,0,-99,1,3,-80
140,1,0,-99,1,3,-80
140,1,0,-99,1,3,-80
140,1,0,-99,1,3,-80
140,1,0,-99,1,3,-80
140,1,0,-99,1,3,-80
140,1,0,-99,1,3,-80
140,1,0,-99,1,3,-80
140,1,0,-99,1,3,-80
140,1,0,-99,1,3,-80
140,1,0,-99,1,3,-80
140,1,0,-99,1,3,-80
140,1,0,-99,1,3,-80
140,1,0,-99,1,3,-80
140,1,0,-99,1,3,-80
140,1,0,-99,1,3,-80
140,1,0,-99,1,3,-80
140,1,0,-99,1,3,-80
140,1,0,-99,1,3,-80
140,1,0,-99,1,3,-80
140,1,0,-99,1,3,-80
140,1,0,-99,1,3,-80
140,1,0,-99,1,3,-80
140,1,0,-99,1,3,-80
140,1,0,-99,1,3,-80
140,1,0,-99,1,3,-80
140,1,0,-99,1,3,-80
140,1,0,-99,1,3,-80
140,1,0,-99,1,3,-80
140,1,0,-99,1,3,-80
140,1,0,-99,1,3,-80
140,1,0,-99,1,3,-80
140,1,0,-99,1,3,-80
140,1,0,-99,1,3,-80
140,1,0,-99,1,3,-80
140,1,0,-99,1,3,-80
140,1,0,-99,1,3,-80
140,1,0,-99,1,3,-80
140,1,0,-99,1,3,-80
140,1,0,-99,1,3,-80
140,1,0,-99,1,3,-80
140,1,0,-99,1,3,-80
140,1,0,-99,1,3,-80
140,1,0,-99,1,3,-80
140,1,0,-99,1,3,-80
140,1,0,-99,1,3,-80
141,3,1,-99,3,135,-40
141,3,1,-99,3,135,-40
141,3,1,-99,3,135,-40
141,3,1,-99,3,135,-40
141,3,1,-99,3,135,-40
141,3,1,-99,3,135,-40
141,3,1,-99,3,135,-40
141,3,1,-99,3,135,-40
141,3,1,-99,3,135,-40
141,3,1,-99,3,135,-40
141,3,1,-99,3,135,-40
141,3,1,-99,3,135,-40
141,3,1,-99,3,135,-40
141,3,1,-99,3,135,-40
141,3,1,-99,3,135,-40
141,3,1,-99,3,135,-40
141,3,1,-99,3,135,-40
141,3,1,-99,3,135,-40
141,3,1,-99,3,135,-40
141,3,1,-99,3,135,-40
141,3,1,-99,3,135,-40
141,3,1,-99,3,135,-40
141,3,1,-99,3,135,-40
141,3,1,-99,3,135,-40
141,3,1,-99,3,135,-40
141,3,1,-99,3,135,-40
141,3,1,-99,3,135,-40
141,3,1,-99,3,135,-40
141,3,1,-99,3,135,-40
141,3,1,-99,3,135,-40
141,3,1,-99,3,135,-40
141,3,1,-99,3,135,-40
141,3,1,-99,3,135,-40
141,3,1,-99,3,135,-40
141,3,1,-99,3,135,-40
141,3,1,-99,3,135,-40
141,3,1,-99,3,135,-40
141,3,1,-99,3,135,-40
141,3,1,-99,3,135,-40
141,3,1,-99,3,135,-40
141,3,1,-99,3,135,-40
141,3,1,-99,3,135,-40
141,3,1,-99,3,135,-40
141,3,1,-99,3,135,-40
141,3,1,-99,3,135,-40
141,3,1,-99,3,135,-40
141,3,1,-99,3,135,-40
141,3,1,-99,3,135,-40
141,3,1,-99,3,135,-40
141,3,1,-99,3,135,-40
141,3,1,-99,3,135,-40
141,3,1,-99,3,135,-40
141,3,1,-99,3,135,-40
141,3,1,-99,3,135,-40
141,3,1,-99,3,135,-40
141,3,1,-99,3,135,-40
141,3,1,-99,3,135,-40
141,3,1,-99,3,135,-40
141,3,1,-99,3,135,-40
141,3,1,-99,3,135,-40
141,3,1,-99,3,135,-40
141,3,1,-99,3,135,-40
141,3,1,-99,3,135,-40
141,3,1,-99,3,135,-40
142,12,0,-98,11,15,-80
142,12,0,-98,11,15,-80
142,12,0,-98,11,15,-80
142,12,0,-98,11,15,-80
142,12,0,-98,11,15,-80
142,12,0,-98,11,15,-80
142,12,0,-98,11,15,-80
142,12,0,-98,11,15,-80
142,12,0,-98,11,15,-80
142,12,0,-98,11,15,-80
142,12,0,-98,11,15,-80
142,12,0,-98,11,15,-80
142,12,0,-98,11,15,-80
142,12,0,-98,11,15,-80
142,12,0,-98,11,15,-80
142,12,0,-98,11,15,-80
142,12,0,-98,11,15,-80
142,12,0,-98,11,15,-80
142,12,0,-98,11,15,-80
142,12,0,-98,11,15,-80
142,12,0,-98,11,15,-80
142,12,0,-98,11,15,-80
142,12,0,-98,11,15,-80
142,12,0,-98,11,15,-80
142,12,0,-98,11,15,-80
142,12,0,-98,11,15,-80
142,12,0,-98,11,15,-80
142,12,0,-98,11,15,-80
142,12,0,-98,11,15,-80
142,12,0,-98,11,15,-80
142,12,0,-98,11,15,-80
142,12,0,-98,11,15,-80
142,12,0,-98,11,15,-80
142,12,0,-98,11,15,-80
142,12,0,-98,11,15,-80
142,12,0,-98,11,15,-80
142,12,0,-98,11,15,-80
142,12,0,-98,11,15,-80
142,12,0,-98,11,15,-80
142,12,0,-98,11,15,-80
142,12,0,-98,11,15,-80
142,12,0,-98,11,15,-80
142,12,0,-98,11,15,-80
142,12,0,-98,11,15,-80
142,12,0,-98,11,15,-80
142,12,0,-98,11,15,-80
142,12,0,-98,11,15,-80
142,12,0,-98,11,15,-80
142,12,0,-98,11,15,-80
142,12,0,-98,11,15,-80
142,12,0,-98,11,15,-80
142,12,0,-98,11,15,-80
142,12,0,-98,11,15,-80
142,12,0,-98,11,15,-80
142,12,0,-98,11,15,-80
142,12,0,-98,11,15,-80
142,12,0,-98,11,15,-80
142,12,0,-98,11,15,-80
142,12,0,-98,11,15,-80
142,12,0,-98,11,15,-80
142,12,0,-98,11,15,-80
142,12,0,-98,11,15,-80
142,12,0,-98,11,15,-80
143,-6,0,-99,-5,75,-40
143,-6,0,-99,-5,75,-40
143,-6,0,-99,-5,75,-40
143,-6,0,-99,-5,75,-40
143,-6,0,-99,-5,75,-40
143,-6,0,-99,-5,75,-40
143,-6,0,-99,-5,75,-40
143,-6,0,-99,-5,75,-40
143,-6,0,-99,-5,75,-40
143,-6,0,-99,-5,75,-40
143,-6,0,-99,-5,75,-40
143,-6,0,-99,-5,75,-40
143,-6,0,-99,-5,75,-40
143,-6,0,-99,-5,75,-40
143,-6,0,-99,-5,75,-40
143,-6,0,-99,-5,75,-40
143,-6,0,-99,-5,75,-40
143,-6,0,-99,-5,75,-40
143,-6,0,-99,-5,75,-40
143,-6,0,-99,-5,75,-40
143,-6,0,-99,-5,75,-40
143,-6,0,-99,-5,75,-40
143,-6,0,-99,-5,75,-40
143,-6,0,-99,-5,75,-40
143,-6,0,-99,-5,75,-40
143,-6,0,-99,-5,75,-40
143,-6,0,-99,-5,75,-40
143,-6,0,-99,-5,75,-40
143,-6,0,-99,-5,75,-40
143,-6,0,-99,-5,75,-40
143,-6,0,-99,-5,75,-40
143,-6,0,-99,-5,75,-40
143,-6,0,-99,-5,75,-40
143,-6,0,-99,-5,75,-40
143,-6,0,-99,-5,75,-40
143,-6,0,-99,-5,75,-40
143,-6,0,-99,-5,75,-40
143,-6,0,-99,-5,75,-40
143,-6,0,-99,-5,75,-40
143,-6,0,-99,-5,75,-40
143,-6,0,-99,-5,75,-40
143,-6,0,-99,-5,75,-40
143,-6,0,-99,-5,75,-40
143,-6,0,-99,-5,75,-40
143,-6,0,-99,-5,75,-40
143,-6,0,-99,-5,75,-40
143,-6,0,-99,-5,75,-40
143,-6,0,-99,-5,75,-40
143,-6,0,-99,-5,75,-40
143,-6,0,-99,-5,75,-40
143,-6,0,-99,-5,75,-40
143,-6,0,-99,-5,75,-40
143,-6,0,-99,-5,75,-40
143,-6,0,-99,-5,75,-40
143,-6,0,-99,-5,75,-40
143,-6,0,-99,-5,75,-40
143,-6,0,-99,-5,75,-40
143,-6,0,-99,-5,75,-40
143,-6,0,-99,-5,75,-40
143,-6,0,-99,-5,75,-40
143,-6,0,-99,-5,75,-40
143,-6,0,-99,-5,75,-40
144,-14,1,-98,-12,92,0
144,-14,1,-98,-12,92,0
144,-14,1,-98,-12,92,0
144,-14,1,-98,-12,92,0
144,-14,1,-98,-12,92,0
144,-14,1,-98,-12,92,0
144,-14,1,-98,-12,92,0
144,-14,1,-98,-12,92,0
144,-14,1,-98,-12,92,0
144,-14,1,-98,-12,92,0
144,-14,1,-98,-12,92,0
144,-14,1,-98,-12,92,0
144,-14,1,-98,-12,92,0
144,-14,1,-98,-12,92,0
144,-14,1,-98,-12,92,0
144,-14,1,-98,-12,92,0
144,-14,1,-98,-12,92,0
144,-14,1,-98,-12,92,0
144,-14,1,-98,-12,92,0
144,-14,1,-98,-12,92,0
144,-14,1,-98,-12,92,0
144,-14,1,-98,-12,92,0
144,-14,1,-98,-12,92,0
144,-14,1,-98,-12,92,0
144,-14,1,-98,-12,92,0
144,-14,1,-98,-12,92,0
144,-14,1,-98,-12,92,0
144,-14,1,-98,-12,92,0
144,-14,1,-98,-12,92,0
144,-14,1,-98,-12,92,0
144,-14,1,-98,-12,92,0
144,-14,1,-98,-12,92,0
144,-14,1,-98,-12,92,0
144,-14,1,-98,-12,92,0
144,-14,1,-98,-12,92,0
144,-14,1,-98,-12,92,0
144,-14,1,-98,-12,92,0
144,-14,1,-98,-12,92,0
144,-14,1,-98,-12,92,0
144,-14,1,-98,-12,92,0
144,-14,1,-98,-12,92,0
144,-14,1,-98,-12,92,0
144,-14,1,-98,-12,92,0
144,-14,1,-98,-12,92,0
144,-14,1,-98,-12,92,0
144,-14,1,-98,-12,92,0
144,-14,1,-98,-12,92,0
144,-14,1,-98,-12,92,0
144,-14,1,-98,-12,92,0
144,-14,1,-98,-12,92,0
144,-14,1,-98,-12,92,0
144,-14,1,-98,-12,92,0
144,-14,1,-98,-12,92,0
144,-14,1,-98,-12,92,0
144,-14,1,-98,-12,92,0
144,-14,1,-98,-12,92,0
144,-14,1,-98,-12,92,0
144,-14,1,-98,-12,92,0
144,-14,1,-98,-12,92,0
144,-14,1,-98,-12,92,0
144,-14,1,-98,-12,92,0
145,3,0,-99,3,6,-40
145,3,0,-99,3,6,-40
145,3,0,-99,3,6,-40
145,3,0,-99,3,6,-40
145,3,0,-99,3,6,-40
145,3,0,-99,3,6,-40
145,3,0,-99,3,6,-40
145,3,0,-99,3,6,-40
145,3,0,-99,3,6,-40
145,3,0,-99,3,6,-40
145,3,0,-99,3,6,-40
145,3,0,-99,3,6,-40
145,3,0,-99,3,6,-40
145,3,0,-99,3,6,-40
145,3,0,-99,3,6,-40
145,3,0,-99,3,6,-40
145,3,0,-99,3,6,-40
145,3,0,-99,3,6,-40
145,3,0,-99,3,6,-40
145,3,0,-99,3,6,-40
145,3,0,-99,3,6,-40
145,3,0,-99,3,6,-40
145,3,0,-99,3,6,-40
145,3,0,-99,3,6,-40
145,3,0,-99,3,6,-40
145,3,0,-99,3,6,-40
145,3,0,-99,3,6,-40
145,3,0,-99,3,6,-40
145,3,0,-99,3,6,-40
145,3,0,-99,3,6,-40
145,3,0,-99,3,6,-40
145,3,0,-99,3,6,-40
145,3,0,-99,3,6,-40
145,3,0,-99,3,6,-40
145,3,0,-99,3,6,-40
145,3,0,-99,3,6,-40
145,3,0,-99,3,6,-40
145,3,0,-99,3,6,-40
145,3,0,-99,3,6,-40
145,3,0,-99,3,6,-40
145,3,0,-99,3,6,-40
145,3,0,-99,3,6,-40
145,3,0,-99,3,6,-40
145,3,0,-99,3,6,-40
145,3,0,-99,3,6,-40
145,3,0,-99,3,6,-40
145,3,0,-99,3,6,-40
145,3,0,-99,3,6,-40
145,3,0,-99,3,6,-40
145,3,0,-99,3,6,-40
145,3,0,-99,3,6,-40
145,3,0,-99,3,6,-40
145,3,0,-99,3,6,-40
145,3,0,-99,3,6,-40
145,3,0,-99,3,6,-40
145,3,0,-99,3,6,-40
145,3,0,-99,3,6,-40
145,3,0,-99,3,6,-40
145,3,0,-99,3,6,-40
145,3,0,-99,3,6,-40
146,1,1,-99,1,96,0
146,1,1,-99,1,96,0
146,1,1,-99,1,96,0
146,1,1,-99,1,96,0
146,1,1,-99,1,96,0
146,1,1,-99,1,96,0
146,1,1,-99,1,96,0
146,1,1,-99,1,96,0
146,1,1,-99,1,96,0
146,1,1,-99,1,96,0
146,1,1,-99,1,96,0
146,1,1,-99,1,96,0
146,1,1,-99,1,96,0
146,1,1,-99,1,96,0
146,1,1,-99,1,96,0
146,1,1,-99,1,96,0
146,1,1,-99,1,96,0
146,1,1,-99,1,96,0
146,1,1,-99,1,96,0
146,1,1,-99,1,96,0
146,1,1,-99,1,96,0
146,1,1,-99,1,96,0
146,1,1,-99,1,96,0
146,1,1,-99,1,96,0
146,1,1,-99,1,96,0
146,1,1,-99,1,96,0
146,1,1,-99,1,96,0
146,1,1,-99,1,96,0
146,1,1,-99,1,96,0
146,1,1,-99,1,96,0
146,1,1,-99,1,96,0
146,1,1,-99,1,96,0
146,1,1,-99,1,96,0
146,1,1,-99,1,96,0
146,1,1,-99,1,96,0
146,1,1,-99,1,96,0
146,1,1,-99,1,96,0
146,1,1,-99,1,96,0
146,1,1,-99,1,96,0
146,1,1,-99,1,96,0
146,1,1,-99,1,96,0
146,1,1,-99,1,96,0
146,1,1,-99,1,96,0
146,1,1,-99,1,96,0
146,1,1,-99,1,96,0
146,1,1,-99,1,96,0
146,1,1,-99,1,96,0
146,1,1,-99,1,96,0
146,1,1,-99,1,96,0
146,1,1,-99,1,96,0
146,1,1,-99,1,96,0
146,1,1,-99,1,96,0
146,1,1,-99,1,96,0
146,1,1,-99,1,96,0
146,1,1,-99,1,96,0
146,1,1,-99,1,96,0
146,1,1,-99,1,96,0
146,1,1,-99,1,96,0
146,1,1,-99,1,96,0
146,1,1,-99,1,96,0
146,1,1,-99,1,96,0
146,1,1,-99,1,96,0
147,8,0,-99,8,6,-40
147,8,0,-99,8,6,-40
147,8,0,-99,8,6,-40
147,8,0,-99,8,6,-40
147,8,0,-99,8,6,-40
147,8,0,-99,8,6,-40
147,8,0,-99,8,6,-40
147,8,0,-99,8,6,-40
147,8,0,-99,8,6,-40
147,8,0,-99,8,6,-40
147,8,0,-99,8,6,-40
147,8,0,-99,8,6,-40
147,8,0,-99,8,6,-40
147,8,0,-99,8,6,-40
147,8,0,-99,8,6,-40
147,8,0,-99,8,6,-40
147,8,0,-99,8,6,-40
147,8,0,-99,8,6,-40
147,8,0,-99,8,6,-40
147,8,0,-99,8,6,-40
147,8,0,-99,8,6,-40
147,8,0,-99,8,6,-40
147,8,0,-99,8,6,-40
147,8,0,-99,8,6,-40
147,8,0,-99,8,6,-40
147,8,0,-99,8,6,-40
147,8,0,-99,8,6,-40
147,8,0,-99,8,6,-40
147,8,0,-99,8,6,-40
147,8,0,-99,8,6,-40
147,8,0,-99,8,6,-40
147,8,0,-99,8,6,-40
147,8,0,-99,8,6,-40
147,8,0,-99,8,6,-40
147,8,0,-99,8,6,-40
147,8,0,-99,8,6,-40
147,8,0,-99,8,6,-40
147,8,0,-99,8,6,-40
147,8,0,-99,8,6,-40
147,8,0,-99,8,6,-40
147,8,0,-99,8,6,-40
147,8,0,-99,8,6,-40
147,8,0,-99,8,6,-40
147,8,0,-99,8,6,-40
147,8,0,-99,8,6,-40
147,8,0,-99,8,6,-40
147,8,0,-99,8,6,-40
147,8,0,-99,8,6,-40
147,8,0,-99,8,6,-40
147,8,0,-99,8,6,-40
147,8,0,-99,8,6,-40
147,8,0,-99,8,6,-40
147,8,0,-99,8,6,-40
147,8,0,-99,8,6,-40
147,8,0,-99,8,6,-40
147,8,0,-99,8,6,-40
147,8,0,-99,8,6,-40
147,8,0,-99,8,6,-40
147,8,0,-99,8,6,-40
147,8,0,-99,8,6,-40
147,8,0,-99,8,6,-40
147,8,0,-99,8,6,-40
148,-6,1,-99,-5,129,0
148,-6,1,-99,-5,129,0
148,-6,1,-99,-5,129,0
148,-6,1,-99,-5,129,0
148,-6,1,-99,-5,129,0
148,-6,1,-99,-5,129,0
148,-6,1,-99,-5,129,0
148,-6,1,-99,-5,129,0
148,-6,1,-99,-5,129,0
148,-6,1,-99,-5,129,0
148,-6,1,-99,-5,129,0
148,-6,1,-99,-5,129,0
148,-6,1,-99,-5,129,0
148,-6,1,-99,-5,129,0
148,-6,1,-99,-5,129,0
148,-6,1,-99,-5,129,0
148,-6,1,-99,-5,129,0
148,-6,1,-99,-5,129,0
148,-6,1,-99,-5,129,0
148,-6,1,-99,-5,129,0
148,-6,1,-99,-5,129,0
148,-6,1,-99,-5,129,0
148,-6,1,-99,-5,129,0
148,-6,1,-99,-5,129,0
148,-6,1,-99,-5,129,0
148,-6,1,-99,-5,129,0
148,-6,1,-99,-5,129,0
148,-6,1,-99,-5,129,0
148,-6,1,-99,-5,129,0
148,-6,1,-99,-5,129,0
148,-6,1,-99,-5,129,0
148,-6,1,-99,-5,129,0
148,-6,1,-99,-5,129,0
148,-6,1,-99,-5,129,0
148,-6,1,-99,-5,129,0
148,-6,1,-99,-5,129,0
148,-6,1,-99,-5,129,0
148,-6,1,-99,-5,129,0
148,-6,1,-99,-5,129,0
148,-6,1,-99,-5,129,0
148,-6,1,-99,-5,129,0
148,-6,1,-99,-5,129,0
148,-6,1,-99,-5,129,0
148,-6,1,-99,-5,129,0
148,-6,1,-99,-5,129,0
148,-6,1,-99,-5,129,0
148,-6,1,-99,-5,129,0
148,-6,1,-99,-5,129,0
148,-6,1,-99,-5,129,0
148,-6,1,-99,-5,129,0
148,-6,1,-99,-5,129,0
148,-6,1,-99,-5,129,0
148,-6,1,-99,-5,129,0
148,-6,1,-99,-5,129,0
148,-6,1,-99,-5,129,0
148,-6,1,-99,-5,129,0
148,-6,1,-99,-5,129,0
148,-6,1,-99,-5,129,0
148,-6,1,-99,-5,129,0
148,-6,1,-99,-5,129,0
148,-6,1,-99,-5,129,0
148,-6,1,-99,-5,129,0
148,-6,1,-99,-5,129,0
149,-2,0,-99,-1,6,-40
149,-2,0,-99,-1,6,-40
149,-2,0,-99,-1,6,-40
149,-2,0,-99,-1,6,-40
149,-2,0,-99,-1,6,-40
149,-2,0,-99,-1,6,-40
149,-2,0,-99,-1,6,-40
149,-2,0,-99,-1,6,-40
149,-2,0,-99,-1,6,-40
149,-2,0,-99,-1,6,-40
149,-2,0,-99,-1,6,-40
149,-2,0,-99,-1,6,-40
149,-2,0,-99,-1,6,-40
149,-2,0,-99,-1,6,-40
149,-2,0,-99,-1,6,-40
149,-2,0,-99,-1,6,-40
149,-2,0,-99,-1,6,-40
149,-2,0,-99,-1,6,-40
149,-2,0,-99,-1,6,-40
149,-2,0,-99,-1,6,-40
149,-2,0,-99,-1,6,-40
149,-2,0,-99,-1,6,-40
149,-2,0,-99,-1,6,-40
149,-2,0,-99,-1,6,-40
149,-2,0,-99,-1,6,-40
149,-2,0,-99,-1,6,-40
149,-2,0,-99,-1,6,-40
149,-2,0,-99,-1,6,-40
149,-2,0,-99,-1,6,-40
149,-2,0,-99,-1,6,-40
149,-2,0,-99,-1,6,-40
149,-2,0,-99,-1,6,-40
149,-2,0,-99,-1,6,-40
149,-2,0,-99,-1,6,-40
149,-2,0,-99,-1,6,-40
149,-2,0,-99,-1,6,-40
149,-2,0,-99,-1,6,-40
149,-2,0,-99,-1,6,-40
149,-2,0,-99,-1,6,-40
149,-2,0,-99,-1,6,-40
149,-2,0,-99,-1,6,-40
149,-2,0,-99,-1,6,-40
149,-2,0,-99,-1,6,-40
149,-2,0,-99,-1,6,-40
149,-2,0,-99,-1,6,-40
149,-2,0,-99,-1,6,-40
149,-2,0,-99,-1,6,-40
149,-2,0,-99,-1,6,-40
149,-2,0,-99,-1,6,-40
149,-2,0,-99,-1,6,-40
149,-2,0,-99,-1,6,-40
149,-2,0,-99,-1,6,-40
149,-2,0,-99,-1,6,-40
149,-2,0,-99,-1,6,-40
149,-2,0,-99,-1,6,-40
149,-2,0,-99,-1,6,-40
150,-8,0,-99,-7,137,0
