Data_Number,State,Action,Reward,Angle,Acceleration,pos_cart
1,7,0,-99,7,62,0
2,1,0,-99,1,54,0
3,-5,1,-99,-4,66,0
4,-6,0,-99,-5,68,0
5,-3,1,-99,-2,73,0
6,0,1,-100,0,60,0
7,0,1,-100,0,66,0
8,-2,0,-99,-1,68,0
9,-2,1,-99,-1,66,0
10,-7,0,-99,-6,25,0
11,-2,0,-99,-1,66,40
12,3,0,-99,3,59,40
13,2,0,-99,2,63,40
14,-2,1,-99,-1,64,40
15,-3,0,-99,-2,61,40
16,-3,1,-99,-2,57,40
17,-2,0,-99,-1,55,40
18,-2,1,-99,-1,59,40
19,-2,0,-99,-1,63,40
19,-2,0,-99,-1,63,40
19,-2,0,-99,-1,63,40
19,-2,0,-99,-1,63,40
19,-2,0,-99,-1,63,40
19,-2,0,-99,-1,63,40
19,-2,0,-99,-1,63,40
19,-2,0,-99,-1,63,40
19,-2,0,-99,-1,63,40
19,-2,0,-99,-1,63,40
19,-2,0,-99,-1,63,40
19,-2,0,-99,-1,63,40
19,-2,0,-99,-1,63,40
19,-2,0,-99,-1,63,40
19,-2,0,-99,-1,63,40
19,-2,0,-99,-1,63,40
19,-2,0,-99,-1,63,40
19,-2,0,-99,-1,63,40
19,-2,0,-99,-1,63,40
19,-2,0,-99,-1,63,40
19,-2,0,-99,-1,63,40
19,-2,0,-99,-1,63,40
19,-2,0,-99,-1,63,40
19,-2,0,-99,-1,63,40
19,-2,0,-99,-1,63,40
19,-2,0,-99,-1,63,40
20,-7,1,-99,-6,99,40
20,-7,1,-99,-6,99,40
20,-7,1,-99,-6,99,40
20,-7,1,-99,-6,99,40
20,-7,1,-99,-6,99,40
20,-7,1,-99,-6,99,40
20,-7,1,-99,-6,99,40
20,-7,1,-99,-6,99,40
20,-7,1,-99,-6,99,40
20,-7,1,-99,-6,99,40
20,-7,1,-99,-6,99,40
20,-7,1,-99,-6,99,40
20,-7,1,-99,-6,99,40
20,-7,1,-99,-6,99,40
20,-7,1,-99,-6,99,40
20,-7,1,-99,-6,99,40
20,-7,1,-99,-6,99,40
20,-7,1,-99,-6,99,40
20,-7,1,-99,-6,99,40
20,-7,1,-99,-6,99,40
20,-7,1,-99,-6,99,40
20,-7,1,-99,-6,99,40
20,-7,1,-99,-6,99,40
20,-7,1,-99,-6,99,40
20,-7,1,-99,-6,99,40
20,-7,1,-99,-6,99,40
20,-7,1,-99,-6,99,40
20,-7,1,-99,-6,99,40
20,-7,1,-99,-6,99,40
20,-7,1,-99,-6,99,40
20,-7,1,-99,-6,99,40
20,-7,1,-99,-6,99,40
20,-7,1,-99,-6,99,40
20,-7,1,-99,-6,99,40
20,-7,1,-99,-6,99,40
20,-7,1,-99,-6,99,40
20,-7,1,-99,-6,99,40
20,-7,1,-99,-6,99,40
20,-7,1,-99,-6,99,40
20,-7,1,-99,-6,99,40
20,-7,1,-99,-6,99,40
20,-7,1,-99,-6,99,40
20,-7,1,-99,-6,99,40
20,-7,1,-99,-6,99,40
20,-7,1,-99,-6,99,40
20,-7,1,-99,-6,99,40
20,-7,1,-99,-6,99,40
20,-7,1,-99,-6,99,40
20,-7,1,-99,-6,99,40
20,-7,1,-99,-6,99,40
20,-7,1,-99,-6,99,40
20,-7,1,-99,-6,99,40
20,-7,1,-99,-6,99,40
20,-7,1,-99,-6,99,40
20,-7,1,-99,-6,99,40
20,-7,1,-99,-6,99,40
20,-7,1,-99,-6,99,40
20,-7,1,-99,-6,99,40
20,-7,1,-99,-6,99,40
20,-7,1,-99,-6,99,40
20,-7,1,-99,-6,99,40
20,-7,1,-99,-6,99,40
20,-7,1,-99,-6,99,40
20,-7,1,-99,-6,99,40
20,-7,1,-99,-6,99,40
20,-7,1,-99,-6,99,40
20,-7,1,-99,-6,99,40
20,-7,1,-99,-6,99,40
20,-7,1,-99,-6,99,40
20,-7,1,-99,-6,99,40
20,-7,1,-99,-6,99,40
20,-7,1,-99,-6,99,40
20,-7,1,-99,-6,99,40
20,-7,1,-99,-6,99,40
20,-7,1,-99,-6,99,40
20,-7,1,-99,-6,99,40
20,-7,1,-99,-6,99,40
20,-7,1,-99,-6,99,40
21,-3,0,-99,-2,12,120
21,-3,0,-99,-2,12,120
21,-3,0,-99,-2,12,120
21,-3,0,-99,-2,12,120
21,-3,0,-99,-2,12,120
21,-3,0,-99,-2,12,120
21,-3,0,-99,-2,12,120
21,-3,0,-99,-2,12,120
21,-3,0,-99,-2,12,120
21,-3,0,-99,-2,12,120
21,-3,0,-99,-2,12,120
21,-3,0,-99,-2,12,120
21,-3,0,-99,-2,12,120
21,-3,0,-99,-2,12,120
21,-3,0,-99,-2,12,120
21,-3,0,-99,-2,12,120
21,-3,0,-99,-2,12,120
21,-3,0,-99,-2,12,120
21,-3,0,-99,-2,12,120
21,-3,0,-99,-2,12,120
21,-3,0,-99,-2,12,120
21,-3,0,-99,-2,12,120
21,-3,0,-99,-2,12,120
21,-3,0,-99,-2,12,120
21,-3,0,-99,-2,12,120
21,-3,0,-99,-2,12,120
21,-3,0,-99,-2,12,120
21,-3,0,-99,-2,12,120
21,-3,0,-99,-2,12,120
21,-3,0,-99,-2,12,120
21,-3,0,-99,-2,12,120
21,-3,0,-99,-2,12,120
21,-3,0,-99,-2,12,120
21,-3,0,-99,-2,12,120
21,-3,0,-99,-2,12,120
21,-3,0,-99,-2,12,120
21,-3,0,-99,-2,12,120
21,-3,0,-99,-2,12,120
21,-3,0,-99,-2,12,120
21,-3,0,-99,-2,12,120
21,-3,0,-99,-2,12,120
21,-3,0,-99,-2,12,120
21,-3,0,-99,-2,12,120
21,-3,0,-99,-2,12,120
21,-3,0,-99,-2,12,120
21,-3,0,-99,-2,12,120
21,-3,0,-99,-2,12,120
21,-3,0,-99,-2,12,120
21,-3,0,-99,-2,12,120
21,-3,0,-99,-2,12,120
21,-3,0,-99,-2,12,120
21,-3,0,-99,-2,12,120
21,-3,0,-99,-2,12,120
21,-3,0,-99,-2,12,120
21,-3,0,-99,-2,12,120
21,-3,0,-99,-2,12,120
21,-3,0,-99,-2,12,120
21,-3,0,-99,-2,12,120
21,-3,0,-99,-2,12,120
21,-3,0,-99,-2,12,120
21,-3,0,-99,-2,12,120
21,-3,0,-99,-2,12,120
21,-3,0,-99,-2,12,120
21,-3,0,-99,-2,12,120
21,-3,0,-99,-2,12,120
21,-3,0,-99,-2,12,120
21,-3,0,-99,-2,12,120
21,-3,0,-99,-2,12,120
21,-3,0,-99,-2,12,120
21,-3,0,-99,-2,12,120
21,-3,0,-99,-2,12,120
21,-3,0,-99,-2,12,120
21,-3,0,-99,-2,12,120
21,-3,0,-99,-2,12,120
21,-3,0,-99,-2,12,120
21,-3,0,-99,-2,12,120
21,-3,0,-99,-2,12,120
21,-3,0,-99,-2,12,120
21,-3,0,-99,-2,12,120
22,2,1,-99,2,-88,120
22,2,1,-99,2,-88,120
22,2,1,-99,2,-88,120
22,2,1,-99,2,-88,120
22,2,1,-99,2,-88,120
22,2,1,-99,2,-88,120
22,2,1,-99,2,-88,120
22,2,1,-99,2,-88,120
22,2,1,-99,2,-88,120
22,2,1,-99,2,-88,120
22,2,1,-99,2,-88,120
22,2,1,-99,2,-88,120
22,2,1,-99,2,-88,120
22,2,1,-99,2,-88,120
22,2,1,-99,2,-88,120
22,2,1,-99,2,-88,120
22,2,1,-99,2,-88,120
22,2,1,-99,2,-88,120
22,2,1,-99,2,-88,120
22,2,1,-99,2,-88,120
22,2,1,-99,2,-88,120
22,2,1,-99,2,-88,120
22,2,1,-99,2,-88,120
22,2,1,-99,2,-88,120
22,2,1,-99,2,-88,120
22,2,1,-99,2,-88,120
22,2,1,-99,2,-88,120
22,2,1,-99,2,-88,120
22,2,1,-99,2,-88,120
22,2,1,-99,2,-88,120
22,2,1,-99,2,-88,120
22,2,1,-99,2,-88,120
22,2,1,-99,2,-88,120
22,2,1,-99,2,-88,120
22,2,1,-99,2,-88,120
22,2,1,-99,2,-88,120
22,2,1,-99,2,-88,120
22,2,1,-99,2,-88,120
22,2,1,-99,2,-88,120
22,2,1,-99,2,-88,120
22,2,1,-99,2,-88,120
22,2,1,-99,2,-88,120
22,2,1,-99,2,-88,120
22,2,1,-99,2,-88,120
22,2,1,-99,2,-88,120
22,2,1,-99,2,-88,120
22,2,1,-99,2,-88,120
22,2,1,-99,2,-88,120
22,2,1,-99,2,-88,120
22,2,1,-99,2,-88,120
22,2,1,-99,2,-88,120
22,2,1,-99,2,-88,120
22,2,1,-99,2,-88,120
22,2,1,-99,2,-88,120
22,2,1,-99,2,-88,120
22,2,1,-99,2,-88,120
22,2,1,-99,2,-88,120
22,2,1,-99,2,-88,120
22,2,1,-99,2,-88,120
22,2,1,-99,2,-88,120
22,2,1,-99,2,-88,120
22,2,1,-99,2,-88,120
22,2,1,-99,2,-88,120
22,2,1,-99,2,-88,120
22,2,1,-99,2,-88,120
22,2,1,-99,2,-88,120
22,2,1,-99,2,-88,120
22,2,1,-99,2,-88,120
22,2,1,-99,2,-88,120
22,2,1,-99,2,-88,120
22,2,1,-99,2,-88,120
22,2,1,-99,2,-88,120
22,2,1,-99,2,-88,120
22,2,1,-99,2,-88,120
22,2,1,-99,2,-88,120
22,2,1,-99,2,-88,120
22,2,1,-99,2,-88,120
22,2,1,-99,2,-88,120
22,2,1,-99,2,-88,120
22,2,1,-99,2,-88,120
22,2,1,-99,2,-88,120
22,2,1,-99,2,-88,120
22,2,1,-99,2,-88,120
23,13,1,-98,12,81,80
23,13,1,-98,12,81,80
23,13,1,-98,12,81,80
23,13,1,-98,12,81,80
23,13,1,-98,12,81,80
23,13,1,-98,12,81,80
23,13,1,-98,12,81,80
23,13,1,-98,12,81,80
23,13,1,-98,12,81,80
23,13,1,-98,12,81,80
23,13,1,-98,12,81,80
23,13,1,-98,12,81,80
23,13,1,-98,12,81,80
23,13,1,-98,12,81,80
23,13,1,-98,12,81,80
23,13,1,-98,12,81,80
23,13,1,-98,12,81,80
23,13,1,-98,12,81,80
23,13,1,-98,12,81,80
23,13,1,-98,12,81,80
23,13,1,-98,12,81,80
23,13,1,-98,12,81,80
23,13,1,-98,12,81,80
23,13,1,-98,12,81,80
23,13,1,-98,12,81,80
23,13,1,-98,12,81,80
23,13,1,-98,12,81,80
23,13,1,-98,12,81,80
23,13,1,-98,12,81,80
23,13,1,-98,12,81,80
23,13,1,-98,12,81,80
23,13,1,-98,12,81,80
23,13,1,-98,12,81,80
23,13,1,-98,12,81,80
23,13,1,-98,12,81,80
23,13,1,-98,12,81,80
23,13,1,-98,12,81,80
23,13,1,-98,12,81,80
23,13,1,-98,12,81,80
23,13,1,-98,12,81,80
23,13,1,-98,12,81,80
23,13,1,-98,12,81,80
23,13,1,-98,12,81,80
23,13,1,-98,12,81,80
23,13,1,-98,12,81,80
23,13,1,-98,12,81,80
23,13,1,-98,12,81,80
23,13,1,-98,12,81,80
23,13,1,-98,12,81,80
23,13,1,-98,12,81,80
23,13,1,-98,12,81,80
23,13,1,-98,12,81,80
23,13,1,-98,12,81,80
23,13,1,-98,12,81,80
23,13,1,-98,12,81,80
23,13,1,-98,12,81,80
23,13,1,-98,12,81,80
23,13,1,-98,12,81,80
23,13,1,-98,12,81,80
23,13,1,-98,12,81,80
23,13,1,-98,12,81,80
23,13,1,-98,12,81,80
23,13,1,-98,12,81,80
23,13,1,-98,12,81,80
23,13,1,-98,12,81,80
23,13,1,-98,12,81,80
23,13,1,-98,12,81,80
23,13,1,-98,12,81,80
23,13,1,-98,12,81,80
23,13,1,-98,12,81,80
23,13,1,-98,12,81,80
23,13,1,-98,12,81,80
23,13,1,-98,12,81,80
23,13,1,-98,12,81,80
23,13,1,-98,12,81,80
23,13,1,-98,12,81,80
23,13,1,-98,12,81,80
23,13,1,-98,12,81,80
23,13,1,-98,12,81,80
23,13,1,-98,12,81,80
23,13,1,-98,12,81,80
23,13,1,-98,12,81,80
23,13,1,-98,12,81,80
24,7,1,-99,7,290,0
24,7,1,-99,7,290,0
24,7,1,-99,7,290,0
24,7,1,-99,7,290,0
24,7,1,-99,7,290,0
24,7,1,-99,7,290,0
24,7,1,-99,7,290,0
24,7,1,-99,7,290,0
24,7,1,-99,7,290,0
24,7,1,-99,7,290,0
24,7,1,-99,7,290,0
24,7,1,-99,7,290,0
24,7,1,-99,7,290,0
24,7,1,-99,7,290,0
24,7,1,-99,7,290,0
24,7,1,-99,7,290,0
24,7,1,-99,7,290,0
24,7,1,-99,7,290,0
24,7,1,-99,7,290,0
24,7,1,-99,7,290,0
24,7,1,-99,7,290,0
24,7,1,-99,7,290,0
24,7,1,-99,7,290,0
24,7,1,-99,7,290,0
24,7,1,-99,7,290,0
24,7,1,-99,7,290,0
24,7,1,-99,7,290,0
24,7,1,-99,7,290,0
24,7,1,-99,7,290,0
24,7,1,-99,7,290,0
24,7,1,-99,7,290,0
24,7,1,-99,7,290,0
24,7,1,-99,7,290,0
24,7,1,-99,7,290,0
24,7,1,-99,7,290,0
24,7,1,-99,7,290,0
24,7,1,-99,7,290,0
24,7,1,-99,7,290,0
24,7,1,-99,7,290,0
24,7,1,-99,7,290,0
24,7,1,-99,7,290,0
24,7,1,-99,7,290,0
24,7,1,-99,7,290,0
24,7,1,-99,7,290,0
24,7,1,-99,7,290,0
24,7,1,-99,7,290,0
24,7,1,-99,7,290,0
24,7,1,-99,7,290,0
24,7,1,-99,7,290,0
24,7,1,-99,7,290,0
24,7,1,-99,7,290,0
24,7,1,-99,7,290,0
24,7,1,-99,7,290,0
24,7,1,-99,7,290,0
24,7,1,-99,7,290,0
24,7,1,-99,7,290,0
24,7,1,-99,7,290,0
24,7,1,-99,7,290,0
24,7,1,-99,7,290,0
24,7,1,-99,7,290,0
24,7,1,-99,7,290,0
24,7,1,-99,7,290,0
24,7,1,-99,7,290,0
24,7,1,-99,7,290,0
24,7,1,-99,7,290,0
24,7,1,-99,7,290,0
24,7,1,-99,7,290,0
24,7,1,-99,7,290,0
24,7,1,-99,7,290,0
24,7,1,-99,7,290,0
24,7,1,-99,7,290,0
24,7,1,-99,7,290,0
24,7,1,-99,7,290,0
24,7,1,-99,7,290,0
24,7,1,-99,7,290,0
24,7,1,-99,7,290,0
24,7,1,-99,7,290,0
24,7,1,-99,7,290,0
24,7,1,-99,7,290,0
24,7,1,-99,7,290,0
24,7,1,-99,7,290,0
24,7,1,-99,7,290,0
25,-15,0,-97,-13,54,40
25,-15,0,-97,-13,54,40
25,-15,0,-97,-13,54,40
25,-15,0,-97,-13,54,40
25,-15,0,-97,-13,54,40
25,-15,0,-97,-13,54,40
25,-15,0,-97,-13,54,40
25,-15,0,-97,-13,54,40
25,-15,0,-97,-13,54,40
25,-15,0,-97,-13,54,40
25,-15,0,-97,-13,54,40
25,-15,0,-97,-13,54,40
25,-15,0,-97,-13,54,40
25,-15,0,-97,-13,54,40
25,-15,0,-97,-13,54,40
25,-15,0,-97,-13,54,40
25,-15,0,-97,-13,54,40
25,-15,0,-97,-13,54,40
25,-15,0,-97,-13,54,40
25,-15,0,-97,-13,54,40
25,-15,0,-97,-13,54,40
25,-15,0,-97,-13,54,40
25,-15,0,-97,-13,54,40
25,-15,0,-97,-13,54,40
25,-15,0,-97,-13,54,40
25,-15,0,-97,-13,54,40
25,-15,0,-97,-13,54,40
25,-15,0,-97,-13,54,40
25,-15,0,-97,-13,54,40
25,-15,0,-97,-13,54,40
25,-15,0,-97,-13,54,40
25,-15,0,-97,-13,54,40
25,-15,0,-97,-13,54,40
25,-15,0,-97,-13,54,40
25,-15,0,-97,-13,54,40
25,-15,0,-97,-13,54,40
25,-15,0,-97,-13,54,40
25,-15,0,-97,-13,54,40
25,-15,0,-97,-13,54,40
25,-15,0,-97,-13,54,40
25,-15,0,-97,-13,54,40
25,-15,0,-97,-13,54,40
25,-15,0,-97,-13,54,40
25,-15,0,-97,-13,54,40
25,-15,0,-97,-13,54,40
25,-15,0,-97,-13,54,40
25,-15,0,-97,-13,54,40
25,-15,0,-97,-13,54,40
25,-15,0,-97,-13,54,40
25,-15,0,-97,-13,54,40
25,-15,0,-97,-13,54,40
25,-15,0,-97,-13,54,40
25,-15,0,-97,-13,54,40
25,-15,0,-97,-13,54,40
25,-15,0,-97,-13,54,40
25,-15,0,-97,-13,54,40
25,-15,0,-97,-13,54,40
25,-15,0,-97,-13,54,40
25,-15,0,-97,-13,54,40
25,-15,0,-97,-13,54,40
25,-15,0,-97,-13,54,40
25,-15,0,-97,-13,54,40
25,-15,0,-97,-13,54,40
25,-15,0,-97,-13,54,40
25,-15,0,-97,-13,54,40
25,-15,0,-97,-13,54,40
25,-15,0,-97,-13,54,40
25,-15,0,-97,-13,54,40
26,-22,0,-95,-19,50,40
26,-22,0,-95,-19,50,40
26,-22,0,-95,-19,50,40
26,-22,0,-95,-19,50,40
26,-22,0,-95,-19,50,40
26,-22,0,-95,-19,50,40
26,-22,0,-95,-19,50,40
26,-22,0,-95,-19,50,40
26,-22,0,-95,-19,50,40
26,-22,0,-95,-19,50,40
26,-22,0,-95,-19,50,40
26,-22,0,-95,-19,50,40
26,-22,0,-95,-19,50,40
26,-22,0,-95,-19,50,40
26,-22,0,-95,-19,50,40
26,-22,0,-95,-19,50,40
26,-22,0,-95,-19,50,40
26,-22,0,-95,-19,50,40
26,-22,0,-95,-19,50,40
26,-22,0,-95,-19,50,40
26,-22,0,-95,-19,50,40
26,-22,0,-95,-19,50,40
26,-22,0,-95,-19,50,40
26,-22,0,-95,-19,50,40
26,-22,0,-95,-19,50,40
26,-22,0,-95,-19,50,40
26,-22,0,-95,-19,50,40
26,-22,0,-95,-19,50,40
26,-22,0,-95,-19,50,40
26,-22,0,-95,-19,50,40
26,-22,0,-95,-19,50,40
26,-22,0,-95,-19,50,40
26,-22,0,-95,-19,50,40
26,-22,0,-95,-19,50,40
26,-22,0,-95,-19,50,40
26,-22,0,-95,-19,50,40
26,-22,0,-95,-19,50,40
26,-22,0,-95,-19,50,40
26,-22,0,-95,-19,50,40
26,-22,0,-95,-19,50,40
26,-22,0,-95,-19,50,40
26,-22,0,-95,-19,50,40
26,-22,0,-95,-19,50,40
26,-22,0,-95,-19,50,40
26,-22,0,-95,-19,50,40
26,-22,0,-95,-19,50,40
26,-22,0,-95,-19,50,40
26,-22,0,-95,-19,50,40
26,-22,0,-95,-19,50,40
26,-22,0,-95,-19,50,40
26,-22,0,-95,-19,50,40
26,-22,0,-95,-19,50,40
26,-22,0,-95,-19,50,40
26,-22,0,-95,-19,50,40
26,-22,0,-95,-19,50,40
26,-22,0,-95,-19,50,40
26,-22,0,-95,-19,50,40
26,-22,0,-95,-19,50,40
26,-22,0,-95,-19,50,40
26,-22,0,-95,-19,50,40
26,-22,0,-95,-19,50,40
26,-22,0,-95,-19,50,40
26,-22,0,-95,-19,50,40
26,-22,0,-95,-19,50,40
26,-22,0,-95,-19,50,40
26,-22,0,-95,-19,50,40
26,-22,0,-95,-19,50,40
27,-13,0,-98,-11,59,80
27,-13,0,-98,-11,59,80
27,-13,0,-98,-11,59,80
27,-13,0,-98,-11,59,80
27,-13,0,-98,-11,59,80
27,-13,0,-98,-11,59,80
27,-13,0,-98,-11,59,80
27,-13,0,-98,-11,59,80
27,-13,0,-98,-11,59,80
27,-13,0,-98,-11,59,80
27,-13,0,-98,-11,59,80
27,-13,0,-98,-11,59,80
27,-13,0,-98,-11,59,80
27,-13,0,-98,-11,59,80
27,-13,0,-98,-11,59,80
27,-13,0,-98,-11,59,80
27,-13,0,-98,-11,59,80
27,-13,0,-98,-11,59,80
27,-13,0,-98,-11,59,80
27,-13,0,-98,-11,59,80
27,-13,0,-98,-11,59,80
27,-13,0,-98,-11,59,80
27,-13,0,-98,-11,59,80
27,-13,0,-98,-11,59,80
27,-13,0,-98,-11,59,80
27,-13,0,-98,-11,59,80
27,-13,0,-98,-11,59,80
27,-13,0,-98,-11,59,80
27,-13,0,-98,-11,59,80
27,-13,0,-98,-11,59,80
27,-13,0,-98,-11,59,80
27,-13,0,-98,-11,59,80
27,-13,0,-98,-11,59,80
27,-13,0,-98,-11,59,80
27,-13,0,-98,-11,59,80
27,-13,0,-98,-11,59,80
27,-13,0,-98,-11,59,80
27,-13,0,-98,-11,59,80
27,-13,0,-98,-11,59,80
27,-13,0,-98,-11,59,80
27,-13,0,-98,-11,59,80
27,-13,0,-98,-11,59,80
27,-13,0,-98,-11,59,80
27,-13,0,-98,-11,59,80
27,-13,0,-98,-11,59,80
27,-13,0,-98,-11,59,80
27,-13,0,-98,-11,59,80
27,-13,0,-98,-11,59,80
27,-13,0,-98,-11,59,80
27,-13,0,-98,-11,59,80
27,-13,0,-98,-11,59,80
27,-13,0,-98,-11,59,80
27,-13,0,-98,-11,59,80
27,-13,0,-98,-11,59,80
27,-13,0,-98,-11,59,80
27,-13,0,-98,-11,59,80
27,-13,0,-98,-11,59,80
27,-13,0,-98,-11,59,80
27,-13,0,-98,-11,59,80
27,-13,0,-98,-11,59,80
27,-13,0,-98,-11,59,80
27,-13,0,-98,-11,59,80
27,-13,0,-98,-11,59,80
27,-13,0,-98,-11,59,80
27,-13,0,-98,-11,59,80
27,-13,0,-98,-11,59,80
27,-13,0,-98,-11,59,80
27,-13,0,-98,-11,59,80
27,-13,0,-98,-11,59,80
27,-13,0,-98,-11,59,80
27,-13,0,-98,-11,59,80
27,-13,0,-98,-11,59,80
27,-13,0,-98,-11,59,80
27,-13,0,-98,-11,59,80
27,-13,0,-98,-11,59,80
27,-13,0,-98,-11,59,80
27,-13,0,-98,-11,59,80
27,-13,0,-98,-11,59,80
27,-13,0,-98,-11,59,80
27,-13,0,-98,-11,59,80
27,-13,0,-98,-11,59,80
27,-13,0,-98,-11,59,80
27,-13,0,-98,-11,59,80
27,-13,0,-98,-11,59,80
27,-13,0,-98,-11,59,80
28,8,0,-99,8,137,160
28,8,0,-99,8,137,160
28,8,0,-99,8,137,160
28,8,0,-99,8,137,160
28,8,0,-99,8,137,160
28,8,0,-99,8,137,160
28,8,0,-99,8,137,160
28,8,0,-99,8,137,160
28,8,0,-99,8,137,160
28,8,0,-99,8,137,160
28,8,0,-99,8,137,160
28,8,0,-99,8,137,160
28,8,0,-99,8,137,160
28,8,0,-99,8,137,160
28,8,0,-99,8,137,160
28,8,0,-99,8,137,160
28,8,0,-99,8,137,160
28,8,0,-99,8,137,160
28,8,0,-99,8,137,160
28,8,0,-99,8,137,160
28,8,0,-99,8,137,160
28,8,0,-99,8,137,160
28,8,0,-99,8,137,160
28,8,0,-99,8,137,160
28,8,0,-99,8,137,160
28,8,0,-99,8,137,160
28,8,0,-99,8,137,160
28,8,0,-99,8,137,160
28,8,0,-99,8,137,160
28,8,0,-99,8,137,160
28,8,0,-99,8,137,160
28,8,0,-99,8,137,160
28,8,0,-99,8,137,160
28,8,0,-99,8,137,160
28,8,0,-99,8,137,160
28,8,0,-99,8,137,160
28,8,0,-99,8,137,160
28,8,0,-99,8,137,160
28,8,0,-99,8,137,160
28,8,0,-99,8,137,160
28,8,0,-99,8,137,160
28,8,0,-99,8,137,160
28,8,0,-99,8,137,160
28,8,0,-99,8,137,160
28,8,0,-99,8,137,160
28,8,0,-99,8,137,160
28,8,0,-99,8,137,160
28,8,0,-99,8,137,160
28,8,0,-99,8,137,160
28,8,0,-99,8,137,160
28,8,0,-99,8,137,160
28,8,0,-99,8,137,160
28,8,0,-99,8,137,160
28,8,0,-99,8,137,160
28,8,0,-99,8,137,160
28,8,0,-99,8,137,160
28,8,0,-99,8,137,160
28,8,0,-99,8,137,160
28,8,0,-99,8,137,160
28,8,0,-99,8,137,160
28,8,0,-99,8,137,160
28,8,0,-99,8,137,160
28,8,0,-99,8,137,160
28,8,0,-99,8,137,160
28,8,0,-99,8,137,160
28,8,0,-99,8,137,160
28,8,0,-99,8,137,160
28,8,0,-99,8,137,160
28,8,0,-99,8,137,160
28,8,0,-99,8,137,160
28,8,0,-99,8,137,160
28,8,0,-99,8,137,160
28,8,0,-99,8,137,160
28,8,0,-99,8,137,160
28,8,0,-99,8,137,160
28,8,0,-99,8,137,160
28,8,0,-99,8,137,160
28,8,0,-99,8,137,160
28,8,0,-99,8,137,160
28,8,0,-99,8,137,160
28,8,0,-99,8,137,160
28,8,0,-99,8,137,160
28,8,0,-99,8,137,160
28,8,0,-99,8,137,160
28,8,0,-99,8,137,160
28,8,0,-99,8,137,160
28,8,0,-99,8,137,160
28,8,0,-99,8,137,160
28,8,0,-99,8,137,160
29,21,1,-95,19,57,120
29,21,1,-95,19,57,120
29,21,1,-95,19,57,120
29,21,1,-95,19,57,120
29,21,1,-95,19,57,120
29,21,1,-95,19,57,120
29,21,1,-95,19,57,120
29,21,1,-95,19,57,120
29,21,1,-95,19,57,120
29,21,1,-95,19,57,120
29,21,1,-95,19,57,120
29,21,1,-95,19,57,120
29,21,1,-95,19,57,120
29,21,1,-95,19,57,120
29,21,1,-95,19,57,120
29,21,1,-95,19,57,120
29,21,1,-95,19,57,120
29,21,1,-95,19,57,120
29,21,1,-95,19,57,120
29,21,1,-95,19,57,120
29,21,1,-95,19,57,120
29,21,1,-95,19,57,120
29,21,1,-95,19,57,120
29,21,1,-95,19,57,120
29,21,1,-95,19,57,120
29,21,1,-95,19,57,120
29,21,1,-95,19,57,120
29,21,1,-95,19,57,120
29,21,1,-95,19,57,120
29,21,1,-95,19,57,120
29,21,1,-95,19,57,120
29,21,1,-95,19,57,120
29,21,1,-95,19,57,120
29,21,1,-95,19,57,120
29,21,1,-95,19,57,120
29,21,1,-95,19,57,120
29,21,1,-95,19,57,120
29,21,1,-95,19,57,120
29,21,1,-95,19,57,120
29,21,1,-95,19,57,120
29,21,1,-95,19,57,120
29,21,1,-95,19,57,120
29,21,1,-95,19,57,120
29,21,1,-95,19,57,120
29,21,1,-95,19,57,120
29,21,1,-95,19,57,120
29,21,1,-95,19,57,120
29,21,1,-95,19,57,120
29,21,1,-95,19,57,120
29,21,1,-95,19,57,120
29,21,1,-95,19,57,120
29,21,1,-95,19,57,120
29,21,1,-95,19,57,120
29,21,1,-95,19,57,120
29,21,1,-95,19,57,120
29,21,1,-95,19,57,120
29,21,1,-95,19,57,120
29,21,1,-95,19,57,120
29,21,1,-95,19,57,120
29,21,1,-95,19,57,120
29,21,1,-95,19,57,120
29,21,1,-95,19,57,120
29,21,1,-95,19,57,120
29,21,1,-95,19,57,120
29,21,1,-95,19,57,120
29,21,1,-95,19,57,120
29,21,1,-95,19,57,120
29,21,1,-95,19,57,120
29,21,1,-95,19,57,120
29,21,1,-95,19,57,120
29,21,1,-95,19,57,120
29,21,1,-95,19,57,120
29,21,1,-95,19,57,120
29,21,1,-95,19,57,120
29,21,1,-95,19,57,120
29,21,1,-95,19,57,120
29,21,1,-95,19,57,120
29,21,1,-95,19,57,120
29,21,1,-95,19,57,120
29,21,1,-95,19,57,120
29,21,1,-95,19,57,120
29,21,1,-95,19,57,120
29,21,1,-95,19,57,120
30,12,1,-98,11,-51,120
30,12,1,-98,11,-51,120
30,12,1,-98,11,-51,120
30,12,1,-98,11,-51,120
30,12,1,-98,11,-51,120
30,12,1,-98,11,-51,120
30,12,1,-98,11,-51,120
30,12,1,-98,11,-51,120
30,12,1,-98,11,-51,120
30,12,1,-98,11,-51,120
30,12,1,-98,11,-51,120
30,12,1,-98,11,-51,120
30,12,1,-98,11,-51,120
30,12,1,-98,11,-51,120
30,12,1,-98,11,-51,120
30,12,1,-98,11,-51,120
30,12,1,-98,11,-51,120
30,12,1,-98,11,-51,120
30,12,1,-98,11,-51,120
30,12,1,-98,11,-51,120
30,12,1,-98,11,-51,120
30,12,1,-98,11,-51,120
30,12,1,-98,11,-51,120
30,12,1,-98,11,-51,120
30,12,1,-98,11,-51,120
30,12,1,-98,11,-51,120
30,12,1,-98,11,-51,120
30,12,1,-98,11,-51,120
30,12,1,-98,11,-51,120
30,12,1,-98,11,-51,120
30,12,1,-98,11,-51,120
30,12,1,-98,11,-51,120
30,12,1,-98,11,-51,120
30,12,1,-98,11,-51,120
30,12,1,-98,11,-51,120
30,12,1,-98,11,-51,120
30,12,1,-98,11,-51,120
30,12,1,-98,11,-51,120
30,12,1,-98,11,-51,120
30,12,1,-98,11,-51,120
30,12,1,-98,11,-51,120
30,12,1,-98,11,-51,120
30,12,1,-98,11,-51,120
30,12,1,-98,11,-51,120
30,12,1,-98,11,-51,120
30,12,1,-98,11,-51,120
30,12,1,-98,11,-51,120
30,12,1,-98,11,-51,120
30,12,1,-98,11,-51,120
30,12,1,-98,11,-51,120
30,12,1,-98,11,-51,120
30,12,1,-98,11,-51,120
30,12,1,-98,11,-51,120
30,12,1,-98,11,-51,120
30,12,1,-98,11,-51,120
30,12,1,-98,11,-51,120
30,12,1,-98,11,-51,120
30,12,1,-98,11,-51,120
30,12,1,-98,11,-51,120
30,12,1,-98,11,-51,120
30,12,1,-98,11,-51,120
30,12,1,-98,11,-51,120
30,12,1,-98,11,-51,120
30,12,1,-98,11,-51,120
30,12,1,-98,11,-51,120
30,12,1,-98,11,-51,120
30,12,1,-98,11,-51,120
30,12,1,-98,11,-51,120
30,12,1,-98,11,-51,120
30,12,1,-98,11,-51,120
30,12,1,-98,11,-51,120
30,12,1,-98,11,-51,120
30,12,1,-98,11,-51,120
30,12,1,-98,11,-51,120
30,12,1,-98,11,-51,120
30,12,1,-98,11,-51,120
30,12,1,-98,11,-51,120
30,12,1,-98,11,-51,120
30,12,1,-98,11,-51,120
30,12,1,-98,11,-51,120
30,12,1,-98,11,-51,120
30,12,1,-98,11,-51,120
31,-9,1,-99,-8,17,160
31,-9,1,-99,-8,17,160
31,-9,1,-99,-8,17,160
31,-9,1,-99,-8,17,160
31,-9,1,-99,-8,17,160
31,-9,1,-99,-8,17,160
31,-9,1,-99,-8,17,160
31,-9,1,-99,-8,17,160
31,-9,1,-99,-8,17,160
31,-9,1,-99,-8,17,160
31,-9,1,-99,-8,17,160
31,-9,1,-99,-8,17,160
31,-9,1,-99,-8,17,160
31,-9,1,-99,-8,17,160
31,-9,1,-99,-8,17,160
31,-9,1,-99,-8,17,160
31,-9,1,-99,-8,17,160
31,-9,1,-99,-8,17,160
31,-9,1,-99,-8,17,160
31,-9,1,-99,-8,17,160
31,-9,1,-99,-8,17,160
31,-9,1,-99,-8,17,160
31,-9,1,-99,-8,17,160
31,-9,1,-99,-8,17,160
31,-9,1,-99,-8,17,160
31,-9,1,-99,-8,17,160
31,-9,1,-99,-8,17,160
31,-9,1,-99,-8,17,160
31,-9,1,-99,-8,17,160
31,-9,1,-99,-8,17,160
31,-9,1,-99,-8,17,160
31,-9,1,-99,-8,17,160
31,-9,1,-99,-8,17,160
31,-9,1,-99,-8,17,160
31,-9,1,-99,-8,17,160
31,-9,1,-99,-8,17,160
31,-9,1,-99,-8,17,160
31,-9,1,-99,-8,17,160
31,-9,1,-99,-8,17,160
31,-9,1,-99,-8,17,160
31,-9,1,-99,-8,17,160
31,-9,1,-99,-8,17,160
31,-9,1,-99,-8,17,160
31,-9,1,-99,-8,17,160
31,-9,1,-99,-8,17,160
31,-9,1,-99,-8,17,160
31,-9,1,-99,-8,17,160
31,-9,1,-99,-8,17,160
31,-9,1,-99,-8,17,160
31,-9,1,-99,-8,17,160
31,-9,1,-99,-8,17,160
31,-9,1,-99,-8,17,160
31,-9,1,-99,-8,17,160
31,-9,1,-99,-8,17,160
31,-9,1,-99,-8,17,160
31,-9,1,-99,-8,17,160
31,-9,1,-99,-8,17,160
31,-9,1,-99,-8,17,160
31,-9,1,-99,-8,17,160
31,-9,1,-99,-8,17,160
31,-9,1,-99,-8,17,160
31,-9,1,-99,-8,17,160
31,-9,1,-99,-8,17,160
31,-9,1,-99,-8,17,160
31,-9,1,-99,-8,17,160
31,-9,1,-99,-8,17,160
31,-9,1,-99,-8,17,160
31,-9,1,-99,-8,17,160
31,-9,1,-99,-8,17,160
31,-9,1,-99,-8,17,160
31,-9,1,-99,-8,17,160
31,-9,1,-99,-8,17,160
31,-9,1,-99,-8,17,160
31,-9,1,-99,-8,17,160
31,-9,1,-99,-8,17,160
31,-9,1,-99,-8,17,160
32,-20,1,-96,-18,-86,160
32,-20,1,-96,-18,-86,160
32,-20,1,-96,-18,-86,160
32,-20,1,-96,-18,-86,160
32,-20,1,-96,-18,-86,160
32,-20,1,-96,-18,-86,160
32,-20,1,-96,-18,-86,160
32,-20,1,-96,-18,-86,160
32,-20,1,-96,-18,-86,160
32,-20,1,-96,-18,-86,160
32,-20,1,-96,-18,-86,160
32,-20,1,-96,-18,-86,160
32,-20,1,-96,-18,-86,160
32,-20,1,-96,-18,-86,160
32,-20,1,-96,-18,-86,160
32,-20,1,-96,-18,-86,160
32,-20,1,-96,-18,-86,160
32,-20,1,-96,-18,-86,160
32,-20,1,-96,-18,-86,160
32,-20,1,-96,-18,-86,160
32,-20,1,-96,-18,-86,160
32,-20,1,-96,-18,-86,160
32,-20,1,-96,-18,-86,160
32,-20,1,-96,-18,-86,160
32,-20,1,-96,-18,-86,160
32,-20,1,-96,-18,-86,160
32,-20,1,-96,-18,-86,160
32,-20,1,-96,-18,-86,160
32,-20,1,-96,-18,-86,160
32,-20,1,-96,-18,-86,160
32,-20,1,-96,-18,-86,160
32,-20,1,-96,-18,-86,160
32,-20,1,-96,-18,-86,160
32,-20,1,-96,-18,-86,160
32,-20,1,-96,-18,-86,160
32,-20,1,-96,-18,-86,160
32,-20,1,-96,-18,-86,160
32,-20,1,-96,-18,-86,160
32,-20,1,-96,-18,-86,160
32,-20,1,-96,-18,-86,160
32,-20,1,-96,-18,-86,160
32,-20,1,-96,-18,-86,160
32,-20,1,-96,-18,-86,160
32,-20,1,-96,-18,-86,160
32,-20,1,-96,-18,-86,160
32,-20,1,-96,-18,-86,160
32,-20,1,-96,-18,-86,160
32,-20,1,-96,-18,-86,160
32,-20,1,-96,-18,-86,160
32,-20,1,-96,-18,-86,160
32,-20,1,-96,-18,-86,160
32,-20,1,-96,-18,-86,160
32,-20,1,-96,-18,-86,160
32,-20,1,-96,-18,-86,160
32,-20,1,-96,-18,-86,160
32,-20,1,-96,-18,-86,160
32,-20,1,-96,-18,-86,160
32,-20,1,-96,-18,-86,160
32,-20,1,-96,-18,-86,160
32,-20,1,-96,-18,-86,160
32,-20,1,-96,-18,-86,160
32,-20,1,-96,-18,-86,160
32,-20,1,-96,-18,-86,160
32,-20,1,-96,-18,-86,160
32,-20,1,-96,-18,-86,160
32,-20,1,-96,-18,-86,160
32,-20,1,-96,-18,-86,160
32,-20,1,-96,-18,-86,160
32,-20,1,-96,-18,-86,160
32,-20,1,-96,-18,-86,160
32,-20,1,-96,-18,-86,160
32,-20,1,-96,-18,-86,160
32,-20,1,-96,-18,-86,160
32,-20,1,-96,-18,-86,160
32,-20,1,-96,-18,-86,160
32,-20,1,-96,-18,-86,160
32,-20,1,-96,-18,-86,160
32,-20,1,-96,-18,-86,160
32,-20,1,-96,-18,-86,160
32,-20,1,-96,-18,-86,160
32,-20,1,-96,-18,-86,160
32,-20,1,-96,-18,-86,160
33,-10,0,-99,-9,81,120
33,-10,0,-99,-9,81,120
33,-10,0,-99,-9,81,120
33,-10,0,-99,-9,81,120
33,-10,0,-99,-9,81,120
33,-10,0,-99,-9,81,120
33,-10,0,-99,-9,81,120
33,-10,0,-99,-9,81,120
33,-10,0,-99,-9,81,120
33,-10,0,-99,-9,81,120
33,-10,0,-99,-9,81,120
33,-10,0,-99,-9,81,120
33,-10,0,-99,-9,81,120
33,-10,0,-99,-9,81,120
33,-10,0,-99,-9,81,120
33,-10,0,-99,-9,81,120
33,-10,0,-99,-9,81,120
33,-10,0,-99,-9,81,120
33,-10,0,-99,-9,81,120
33,-10,0,-99,-9,81,120
33,-10,0,-99,-9,81,120
33,-10,0,-99,-9,81,120
33,-10,0,-99,-9,81,120
33,-10,0,-99,-9,81,120
33,-10,0,-99,-9,81,120
33,-10,0,-99,-9,81,120
33,-10,0,-99,-9,81,120
33,-10,0,-99,-9,81,120
33,-10,0,-99,-9,81,120
33,-10,0,-99,-9,81,120
33,-10,0,-99,-9,81,120
33,-10,0,-99,-9,81,120
33,-10,0,-99,-9,81,120
33,-10,0,-99,-9,81,120
33,-10,0,-99,-9,81,120
33,-10,0,-99,-9,81,120
33,-10,0,-99,-9,81,120
33,-10,0,-99,-9,81,120
33,-10,0,-99,-9,81,120
33,-10,0,-99,-9,81,120
33,-10,0,-99,-9,81,120
33,-10,0,-99,-9,81,120
33,-10,0,-99,-9,81,120
33,-10,0,-99,-9,81,120
33,-10,0,-99,-9,81,120
33,-10,0,-99,-9,81,120
33,-10,0,-99,-9,81,120
33,-10,0,-99,-9,81,120
33,-10,0,-99,-9,81,120
33,-10,0,-99,-9,81,120
33,-10,0,-99,-9,81,120
33,-10,0,-99,-9,81,120
33,-10,0,-99,-9,81,120
33,-10,0,-99,-9,81,120
33,-10,0,-99,-9,81,120
33,-10,0,-99,-9,81,120
33,-10,0,-99,-9,81,120
33,-10,0,-99,-9,81,120
33,-10,0,-99,-9,81,120
33,-10,0,-99,-9,81,120
33,-10,0,-99,-9,81,120
33,-10,0,-99,-9,81,120
33,-10,0,-99,-9,81,120
33,-10,0,-99,-9,81,120
33,-10,0,-99,-9,81,120
33,-10,0,-99,-9,81,120
33,-10,0,-99,-9,81,120
33,-10,0,-99,-9,81,120
33,-10,0,-99,-9,81,120
33,-10,0,-99,-9,81,120
33,-10,0,-99,-9,81,120
33,-10,0,-99,-9,81,120
33,-10,0,-99,-9,81,120
33,-10,0,-99,-9,81,120
33,-10,0,-99,-9,81,120
33,-10,0,-99,-9,81,120
33,-10,0,-99,-9,81,120
33,-10,0,-99,-9,81,120
33,-10,0,-99,-9,81,120
34,14,1,-97,13,124,120
34,14,1,-97,13,124,120
34,14,1,-97,13,124,120
34,14,1,-97,13,124,120
34,14,1,-97,13,124,120
34,14,1,-97,13,124,120
34,14,1,-97,13,124,120
34,14,1,-97,13,124,120
34,14,1,-97,13,124,120
34,14,1,-97,13,124,120
34,14,1,-97,13,124,120
34,14,1,-97,13,124,120
34,14,1,-97,13,124,120
34,14,1,-97,13,124,120
34,14,1,-97,13,124,120
34,14,1,-97,13,124,120
34,14,1,-97,13,124,120
34,14,1,-97,13,124,120
34,14,1,-97,13,124,120
34,14,1,-97,13,124,120
34,14,1,-97,13,124,120
34,14,1,-97,13,124,120
34,14,1,-97,13,124,120
34,14,1,-97,13,124,120
34,14,1,-97,13,124,120
34,14,1,-97,13,124,120
34,14,1,-97,13,124,120
34,14,1,-97,13,124,120
34,14,1,-97,13,124,120
34,14,1,-97,13,124,120
34,14,1,-97,13,124,120
34,14,1,-97,13,124,120
34,14,1,-97,13,124,120
34,14,1,-97,13,124,120
34,14,1,-97,13,124,120
34,14,1,-97,13,124,120
34,14,1,-97,13,124,120
34,14,1,-97,13,124,120
34,14,1,-97,13,124,120
34,14,1,-97,13,124,120
34,14,1,-97,13,124,120
34,14,1,-97,13,124,120
34,14,1,-97,13,124,120
34,14,1,-97,13,124,120
34,14,1,-97,13,124,120
34,14,1,-97,13,124,120
34,14,1,-97,13,124,120
34,14,1,-97,13,124,120
34,14,1,-97,13,124,120
34,14,1,-97,13,124,120
34,14,1,-97,13,124,120
34,14,1,-97,13,124,120
34,14,1,-97,13,124,120
34,14,1,-97,13,124,120
34,14,1,-97,13,124,120
34,14,1,-97,13,124,120
34,14,1,-97,13,124,120
34,14,1,-97,13,124,120
34,14,1,-97,13,124,120
34,14,1,-97,13,124,120
34,14,1,-97,13,124,120
34,14,1,-97,13,124,120
34,14,1,-97,13,124,120
34,14,1,-97,13,124,120
34,14,1,-97,13,124,120
34,14,1,-97,13,124,120
34,14,1,-97,13,124,120
34,14,1,-97,13,124,120
34,14,1,-97,13,124,120
34,14,1,-97,13,124,120
34,14,1,-97,13,124,120
34,14,1,-97,13,124,120
34,14,1,-97,13,124,120
35,19,1,-96,18,50,80
35,19,1,-96,18,50,80
35,19,1,-96,18,50,80
35,19,1,-96,18,50,80
35,19,1,-96,18,50,80
35,19,1,-96,18,50,80
35,19,1,-96,18,50,80
35,19,1,-96,18,50,80
35,19,1,-96,18,50,80
35,19,1,-96,18,50,80
35,19,1,-96,18,50,80
35,19,1,-96,18,50,80
35,19,1,-96,18,50,80
35,19,1,-96,18,50,80
35,19,1,-96,18,50,80
35,19,1,-96,18,50,80
35,19,1,-96,18,50,80
35,19,1,-96,18,50,80
35,19,1,-96,18,50,80
35,19,1,-96,18,50,80
35,19,1,-96,18,50,80
35,19,1,-96,18,50,80
35,19,1,-96,18,50,80
35,19,1,-96,18,50,80
35,19,1,-96,18,50,80
35,19,1,-96,18,50,80
35,19,1,-96,18,50,80
35,19,1,-96,18,50,80
35,19,1,-96,18,50,80
35,19,1,-96,18,50,80
35,19,1,-96,18,50,80
35,19,1,-96,18,50,80
35,19,1,-96,18,50,80
35,19,1,-96,18,50,80
35,19,1,-96,18,50,80
35,19,1,-96,18,50,80
35,19,1,-96,18,50,80
35,19,1,-96,18,50,80
35,19,1,-96,18,50,80
35,19,1,-96,18,50,80
35,19,1,-96,18,50,80
35,19,1,-96,18,50,80
35,19,1,-96,18,50,80
35,19,1,-96,18,50,80
35,19,1,-96,18,50,80
35,19,1,-96,18,50,80
35,19,1,-96,18,50,80
35,19,1,-96,18,50,80
35,19,1,-96,18,50,80
35,19,1,-96,18,50,80
35,19,1,-96,18,50,80
35,19,1,-96,18,50,80
35,19,1,-96,18,50,80
35,19,1,-96,18,50,80
35,19,1,-96,18,50,80
35,19,1,-96,18,50,80
35,19,1,-96,18,50,80
35,19,1,-96,18,50,80
35,19,1,-96,18,50,80
35,19,1,-96,18,50,80
35,19,1,-96,18,50,80
35,19,1,-96,18,50,80
35,19,1,-96,18,50,80
35,19,1,-96,18,50,80
35,19,1,-96,18,50,80
35,19,1,-96,18,50,80
35,19,1,-96,18,50,80
35,19,1,-96,18,50,80
35,19,1,-96,18,50,80
35,19,1,-96,18,50,80
35,19,1,-96,18,50,80
35,19,1,-96,18,50,80
35,19,1,-96,18,50,80
35,19,1,-96,18,50,80
35,19,1,-96,18,50,80
35,19,1,-96,18,50,80
35,19,1,-96,18,50,80
35,19,1,-96,18,50,80
36,-13,1,-98,-11,48,80
36,-13,1,-98,-11,48,80
36,-13,1,-98,-11,48,80
36,-13,1,-98,-11,48,80
36,-13,1,-98,-11,48,80
36,-13,1,-98,-11,48,80
36,-13,1,-98,-11,48,80
36,-13,1,-98,-11,48,80
36,-13,1,-98,-11,48,80
36,-13,1,-98,-11,48,80
36,-13,1,-98,-11,48,80
36,-13,1,-98,-11,48,80
36,-13,1,-98,-11,48,80
36,-13,1,-98,-11,48,80
36,-13,1,-98,-11,48,80
36,-13,1,-98,-11,48,80
36,-13,1,-98,-11,48,80
36,-13,1,-98,-11,48,80
36,-13,1,-98,-11,48,80
36,-13,1,-98,-11,48,80
36,-13,1,-98,-11,48,80
36,-13,1,-98,-11,48,80
36,-13,1,-98,-11,48,80
36,-13,1,-98,-11,48,80
36,-13,1,-98,-11,48,80
36,-13,1,-98,-11,48,80
36,-13,1,-98,-11,48,80
36,-13,1,-98,-11,48,80
36,-13,1,-98,-11,48,80
36,-13,1,-98,-11,48,80
36,-13,1,-98,-11,48,80
36,-13,1,-98,-11,48,80
36,-13,1,-98,-11,48,80
36,-13,1,-98,-11,48,80
36,-13,1,-98,-11,48,80
36,-13,1,-98,-11,48,80
36,-13,1,-98,-11,48,80
36,-13,1,-98,-11,48,80
36,-13,1,-98,-11,48,80
36,-13,1,-98,-11,48,80
36,-13,1,-98,-11,48,80
36,-13,1,-98,-11,48,80
36,-13,1,-98,-11,48,80
36,-13,1,-98,-11,48,80
36,-13,1,-98,-11,48,80
36,-13,1,-98,-11,48,80
36,-13,1,-98,-11,48,80
36,-13,1,-98,-11,48,80
36,-13,1,-98,-11,48,80
36,-13,1,-98,-11,48,80
36,-13,1,-98,-11,48,80
36,-13,1,-98,-11,48,80
36,-13,1,-98,-11,48,80
36,-13,1,-98,-11,48,80
36,-13,1,-98,-11,48,80
36,-13,1,-98,-11,48,80
36,-13,1,-98,-11,48,80
36,-13,1,-98,-11,48,80
36,-13,1,-98,-11,48,80
36,-13,1,-98,-11,48,80
36,-13,1,-98,-11,48,80
36,-13,1,-98,-11,48,80
36,-13,1,-98,-11,48,80
36,-13,1,-98,-11,48,80
36,-13,1,-98,-11,48,80
36,-13,1,-98,-11,48,80
36,-13,1,-98,-11,48,80
36,-13,1,-98,-11,48,80
36,-13,1,-98,-11,48,80
36,-13,1,-98,-11,48,80
36,-13,1,-98,-11,48,80
36,-13,1,-98,-11,48,80
36,-13,1,-98,-11,48,80
36,-13,1,-98,-11,48,80
36,-13,1,-98,-11,48,80
36,-13,1,-98,-11,48,80
36,-13,1,-98,-11,48,80
36,-13,1,-98,-11,48,80
36,-13,1,-98,-11,48,80
36,-13,1,-98,-11,48,80
37,-28,1,-92,-25,74,120
37,-28,1,-92,-25,74,120
37,-28,1,-92,-25,74,120
37,-28,1,-92,-25,74,120
37,-28,1,-92,-25,74,120
37,-28,1,-92,-25,74,120
37,-28,1,-92,-25,74,120
37,-28,1,-92,-25,74,120
37,-28,1,-92,-25,74,120
37,-28,1,-92,-25,74,120
37,-28,1,-92,-25,74,120
37,-28,1,-92,-25,74,120
37,-28,1,-92,-25,74,120
37,-28,1,-92,-25,74,120
37,-28,1,-92,-25,74,120
37,-28,1,-92,-25,74,120
37,-28,1,-92,-25,74,120
37,-28,1,-92,-25,74,120
37,-28,1,-92,-25,74,120
37,-28,1,-92,-25,74,120
37,-28,1,-92,-25,74,120
37,-28,1,-92,-25,74,120
37,-28,1,-92,-25,74,120
37,-28,1,-92,-25,74,120
37,-28,1,-92,-25,74,120
37,-28,1,-92,-25,74,120
37,-28,1,-92,-25,74,120
37,-28,1,-92,-25,74,120
37,-28,1,-92,-25,74,120
37,-28,1,-92,-25,74,120
37,-28,1,-92,-25,74,120
37,-28,1,-92,-25,74,120
37,-28,1,-92,-25,74,120
37,-28,1,-92,-25,74,120
37,-28,1,-92,-25,74,120
37,-28,1,-92,-25,74,120
37,-28,1,-92,-25,74,120
37,-28,1,-92,-25,74,120
37,-28,1,-92,-25,74,120
37,-28,1,-92,-25,74,120
37,-28,1,-92,-25,74,120
37,-28,1,-92,-25,74,120
37,-28,1,-92,-25,74,120
37,-28,1,-92,-25,74,120
37,-28,1,-92,-25,74,120
37,-28,1,-92,-25,74,120
37,-28,1,-92,-25,74,120
37,-28,1,-92,-25,74,120
37,-28,1,-92,-25,74,120
37,-28,1,-92,-25,74,120
37,-28,1,-92,-25,74,120
37,-28,1,-92,-25,74,120
37,-28,1,-92,-25,74,120
37,-28,1,-92,-25,74,120
37,-28,1,-92,-25,74,120
37,-28,1,-92,-25,74,120
37,-28,1,-92,-25,74,120
37,-28,1,-92,-25,74,120
37,-28,1,-92,-25,74,120
37,-28,1,-92,-25,74,120
37,-28,1,-92,-25,74,120
37,-28,1,-92,-25,74,120
37,-28,1,-92,-25,74,120
37,-28,1,-92,-25,74,120
37,-28,1,-92,-25,74,120
37,-28,1,-92,-25,74,120
37,-28,1,-92,-25,74,120
37,-28,1,-92,-25,74,120
37,-28,1,-92,-25,74,120
37,-28,1,-92,-25,74,120
37,-28,1,-92,-25,74,120
37,-28,1,-92,-25,74,120
38,-8,0,-99,-7,164,200
38,-8,0,-99,-7,164,200
38,-8,0,-99,-7,164,200
38,-8,0,-99,-7,164,200
38,-8,0,-99,-7,164,200
38,-8,0,-99,-7,164,200
38,-8,0,-99,-7,164,200
38,-8,0,-99,-7,164,200
38,-8,0,-99,-7,164,200
38,-8,0,-99,-7,164,200
38,-8,0,-99,-7,164,200
38,-8,0,-99,-7,164,200
38,-8,0,-99,-7,164,200
38,-8,0,-99,-7,164,200
38,-8,0,-99,-7,164,200
38,-8,0,-99,-7,164,200
38,-8,0,-99,-7,164,200
38,-8,0,-99,-7,164,200
38,-8,0,-99,-7,164,200
38,-8,0,-99,-7,164,200
38,-8,0,-99,-7,164,200
38,-8,0,-99,-7,164,200
38,-8,0,-99,-7,164,200
38,-8,0,-99,-7,164,200
38,-8,0,-99,-7,164,200
38,-8,0,-99,-7,164,200
38,-8,0,-99,-7,164,200
38,-8,0,-99,-7,164,200
38,-8,0,-99,-7,164,200
38,-8,0,-99,-7,164,200
38,-8,0,-99,-7,164,200
38,-8,0,-99,-7,164,200
38,-8,0,-99,-7,164,200
38,-8,0,-99,-7,164,200
38,-8,0,-99,-7,164,200
38,-8,0,-99,-7,164,200
38,-8,0,-99,-7,164,200
38,-8,0,-99,-7,164,200
38,-8,0,-99,-7,164,200
38,-8,0,-99,-7,164,200
38,-8,0,-99,-7,164,200
38,-8,0,-99,-7,164,200
38,-8,0,-99,-7,164,200
38,-8,0,-99,-7,164,200
38,-8,0,-99,-7,164,200
38,-8,0,-99,-7,164,200
38,-8,0,-99,-7,164,200
38,-8,0,-99,-7,164,200
38,-8,0,-99,-7,164,200
38,-8,0,-99,-7,164,200
38,-8,0,-99,-7,164,200
38,-8,0,-99,-7,164,200
38,-8,0,-99,-7,164,200
38,-8,0,-99,-7,164,200
38,-8,0,-99,-7,164,200
38,-8,0,-99,-7,164,200
38,-8,0,-99,-7,164,200
38,-8,0,-99,-7,164,200
38,-8,0,-99,-7,164,200
38,-8,0,-99,-7,164,200
38,-8,0,-99,-7,164,200
38,-8,0,-99,-7,164,200
38,-8,0,-99,-7,164,200
38,-8,0,-99,-7,164,200
38,-8,0,-99,-7,164,200
38,-8,0,-99,-7,164,200
38,-8,0,-99,-7,164,200
38,-8,0,-99,-7,164,200
38,-8,0,-99,-7,164,200
38,-8,0,-99,-7,164,200
39,27,1,-92,25,97,160
39,27,1,-92,25,97,160
39,27,1,-92,25,97,160
39,27,1,-92,25,97,160
39,27,1,-92,25,97,160
39,27,1,-92,25,97,160
39,27,1,-92,25,97,160
39,27,1,-92,25,97,160
39,27,1,-92,25,97,160
39,27,1,-92,25,97,160
39,27,1,-92,25,97,160
39,27,1,-92,25,97,160
39,27,1,-92,25,97,160
39,27,1,-92,25,97,160
39,27,1,-92,25,97,160
39,27,1,-92,25,97,160
39,27,1,-92,25,97,160
39,27,1,-92,25,97,160
39,27,1,-92,25,97,160
39,27,1,-92,25,97,160
39,27,1,-92,25,97,160
39,27,1,-92,25,97,160
39,27,1,-92,25,97,160
39,27,1,-92,25,97,160
39,27,1,-92,25,97,160
39,27,1,-92,25,97,160
39,27,1,-92,25,97,160
39,27,1,-92,25,97,160
39,27,1,-92,25,97,160
39,27,1,-92,25,97,160
39,27,1,-92,25,97,160
39,27,1,-92,25,97,160
39,27,1,-92,25,97,160
39,27,1,-92,25,97,160
39,27,1,-92,25,97,160
39,27,1,-92,25,97,160
39,27,1,-92,25,97,160
39,27,1,-92,25,97,160
39,27,1,-92,25,97,160
39,27,1,-92,25,97,160
39,27,1,-92,25,97,160
39,27,1,-92,25,97,160
39,27,1,-92,25,97,160
39,27,1,-92,25,97,160
39,27,1,-92,25,97,160
39,27,1,-92,25,97,160
39,27,1,-92,25,97,160
39,27,1,-92,25,97,160
39,27,1,-92,25,97,160
39,27,1,-92,25,97,160
39,27,1,-92,25,97,160
39,27,1,-92,25,97,160
39,27,1,-92,25,97,160
39,27,1,-92,25,97,160
39,27,1,-92,25,97,160
39,27,1,-92,25,97,160
39,27,1,-92,25,97,160
39,27,1,-92,25,97,160
39,27,1,-92,25,97,160
39,27,1,-92,25,97,160
39,27,1,-92,25,97,160
39,27,1,-92,25,97,160
39,27,1,-92,25,97,160
39,27,1,-92,25,97,160
39,27,1,-92,25,97,160
39,27,1,-92,25,97,160
39,27,1,-92,25,97,160
39,27,1,-92,25,97,160
39,27,1,-92,25,97,160
39,27,1,-92,25,97,160
39,27,1,-92,25,97,160
40,27,0,-92,25,24,80
40,27,0,-92,25,24,80
40,27,0,-92,25,24,80
40,27,0,-92,25,24,80
40,27,0,-92,25,24,80
40,27,0,-92,25,24,80
40,27,0,-92,25,24,80
40,27,0,-92,25,24,80
40,27,0,-92,25,24,80
40,27,0,-92,25,24,80
40,27,0,-92,25,24,80
40,27,0,-92,25,24,80
40,27,0,-92,25,24,80
40,27,0,-92,25,24,80
40,27,0,-92,25,24,80
40,27,0,-92,25,24,80
40,27,0,-92,25,24,80
40,27,0,-92,25,24,80
40,27,0,-92,25,24,80
40,27,0,-92,25,24,80
40,27,0,-92,25,24,80
40,27,0,-92,25,24,80
40,27,0,-92,25,24,80
40,27,0,-92,25,24,80
40,27,0,-92,25,24,80
40,27,0,-92,25,24,80
40,27,0,-92,25,24,80
40,27,0,-92,25,24,80
40,27,0,-92,25,24,80
40,27,0,-92,25,24,80
40,27,0,-92,25,24,80
40,27,0,-92,25,24,80
40,27,0,-92,25,24,80
40,27,0,-92,25,24,80
40,27,0,-92,25,24,80
40,27,0,-92,25,24,80
40,27,0,-92,25,24,80
40,27,0,-92,25,24,80
40,27,0,-92,25,24,80
40,27,0,-92,25,24,80
40,27,0,-92,25,24,80
40,27,0,-92,25,24,80
40,27,0,-92,25,24,80
40,27,0,-92,25,24,80
40,27,0,-92,25,24,80
40,27,0,-92,25,24,80
40,27,0,-92,25,24,80
40,27,0,-92,25,24,80
40,27,0,-92,25,24,80
40,27,0,-92,25,24,80
40,27,0,-92,25,24,80
40,27,0,-92,25,24,80
40,27,0,-92,25,24,80
40,27,0,-92,25,24,80
40,27,0,-92,25,24,80
41,-13,0,-98,-11,-101,80
41,-13,0,-98,-11,-101,80
41,-13,0,-98,-11,-101,80
41,-13,0,-98,-11,-101,80
41,-13,0,-98,-11,-101,80
41,-13,0,-98,-11,-101,80
41,-13,0,-98,-11,-101,80
41,-13,0,-98,-11,-101,80
41,-13,0,-98,-11,-101,80
41,-13,0,-98,-11,-101,80
41,-13,0,-98,-11,-101,80
41,-13,0,-98,-11,-101,80
41,-13,0,-98,-11,-101,80
41,-13,0,-98,-11,-101,80
41,-13,0,-98,-11,-101,80
41,-13,0,-98,-11,-101,80
41,-13,0,-98,-11,-101,80
41,-13,0,-98,-11,-101,80
41,-13,0,-98,-11,-101,80
41,-13,0,-98,-11,-101,80
41,-13,0,-98,-11,-101,80
41,-13,0,-98,-11,-101,80
41,-13,0,-98,-11,-101,80
41,-13,0,-98,-11,-101,80
41,-13,0,-98,-11,-101,80
41,-13,0,-98,-11,-101,80
41,-13,0,-98,-11,-101,80
41,-13,0,-98,-11,-101,80
41,-13,0,-98,-11,-101,80
41,-13,0,-98,-11,-101,80
41,-13,0,-98,-11,-101,80
41,-13,0,-98,-11,-101,80
41,-13,0,-98,-11,-101,80
41,-13,0,-98,-11,-101,80
41,-13,0,-98,-11,-101,80
41,-13,0,-98,-11,-101,80
41,-13,0,-98,-11,-101,80
41,-13,0,-98,-11,-101,80
41,-13,0,-98,-11,-101,80
41,-13,0,-98,-11,-101,80
41,-13,0,-98,-11,-101,80
41,-13,0,-98,-11,-101,80
41,-13,0,-98,-11,-101,80
41,-13,0,-98,-11,-101,80
41,-13,0,-98,-11,-101,80
41,-13,0,-98,-11,-101,80
41,-13,0,-98,-11,-101,80
41,-13,0,-98,-11,-101,80
41,-13,0,-98,-11,-101,80
41,-13,0,-98,-11,-101,80
41,-13,0,-98,-11,-101,80
41,-13,0,-98,-11,-101,80
41,-13,0,-98,-11,-101,80
41,-13,0,-98,-11,-101,80
41,-13,0,-98,-11,-101,80
41,-13,0,-98,-11,-101,80
41,-13,0,-98,-11,-101,80
41,-13,0,-98,-11,-101,80
41,-13,0,-98,-11,-101,80
41,-13,0,-98,-11,-101,80
41,-13,0,-98,-11,-101,80
41,-13,0,-98,-11,-101,80
41,-13,0,-98,-11,-101,80
41,-13,0,-98,-11,-101,80
41,-13,0,-98,-11,-101,80
41,-13,0,-98,-11,-101,80
41,-13,0,-98,-11,-101,80
41,-13,0,-98,-11,-101,80
41,-13,0,-98,-11,-101,80
41,-13,0,-98,-11,-101,80
41,-13,0,-98,-11,-101,80
41,-13,0,-98,-11,-101,80
41,-13,0,-98,-11,-101,80
41,-13,0,-98,-11,-101,80
41,-13,0,-98,-11,-101,80
41,-13,0,-98,-11,-101,80
41,-13,0,-98,-11,-101,80
41,-13,0,-98,-11,-101,80
41,-13,0,-98,-11,-101,80
41,-13,0,-98,-11,-101,80
41,-13,0,-98,-11,-101,80
42,-24,0,-94,-21,69,40
42,-24,0,-94,-21,69,40
42,-24,0,-94,-21,69,40
42,-24,0,-94,-21,69,40
42,-24,0,-94,-21,69,40
42,-24,0,-94,-21,69,40
42,-24,0,-94,-21,69,40
42,-24,0,-94,-21,69,40
42,-24,0,-94,-21,69,40
42,-24,0,-94,-21,69,40
42,-24,0,-94,-21,69,40
42,-24,0,-94,-21,69,40
42,-24,0,-94,-21,69,40
42,-24,0,-94,-21,69,40
42,-24,0,-94,-21,69,40
42,-24,0,-94,-21,69,40
42,-24,0,-94,-21,69,40
42,-24,0,-94,-21,69,40
42,-24,0,-94,-21,69,40
42,-24,0,-94,-21,69,40
42,-24,0,-94,-21,69,40
42,-24,0,-94,-21,69,40
42,-24,0,-94,-21,69,40
42,-24,0,-94,-21,69,40
42,-24,0,-94,-21,69,40
42,-24,0,-94,-21,69,40
42,-24,0,-94,-21,69,40
42,-24,0,-94,-21,69,40
42,-24,0,-94,-21,69,40
42,-24,0,-94,-21,69,40
42,-24,0,-94,-21,69,40
42,-24,0,-94,-21,69,40
42,-24,0,-94,-21,69,40
42,-24,0,-94,-21,69,40
42,-24,0,-94,-21,69,40
42,-24,0,-94,-21,69,40
42,-24,0,-94,-21,69,40
42,-24,0,-94,-21,69,40
42,-24,0,-94,-21,69,40
42,-24,0,-94,-21,69,40
42,-24,0,-94,-21,69,40
42,-24,0,-94,-21,69,40
42,-24,0,-94,-21,69,40
42,-24,0,-94,-21,69,40
42,-24,0,-94,-21,69,40
42,-24,0,-94,-21,69,40
42,-24,0,-94,-21,69,40
42,-24,0,-94,-21,69,40
42,-24,0,-94,-21,69,40
42,-24,0,-94,-21,69,40
42,-24,0,-94,-21,69,40
42,-24,0,-94,-21,69,40
42,-24,0,-94,-21,69,40
42,-24,0,-94,-21,69,40
42,-24,0,-94,-21,69,40
42,-24,0,-94,-21,69,40
42,-24,0,-94,-21,69,40
42,-24,0,-94,-21,69,40
42,-24,0,-94,-21,69,40
42,-24,0,-94,-21,69,40
42,-24,0,-94,-21,69,40
42,-24,0,-94,-21,69,40
42,-24,0,-94,-21,69,40
42,-24,0,-94,-21,69,40
42,-24,0,-94,-21,69,40
42,-24,0,-94,-21,69,40
42,-24,0,-94,-21,69,40
42,-24,0,-94,-21,69,40
42,-24,0,-94,-21,69,40
42,-24,0,-94,-21,69,40
42,-24,0,-94,-21,69,40
42,-24,0,-94,-21,69,40
42,-24,0,-94,-21,69,40
42,-24,0,-94,-21,69,40
42,-24,0,-94,-21,69,40
42,-24,0,-94,-21,69,40
42,-24,0,-94,-21,69,40
42,-24,0,-94,-21,69,40
42,-24,0,-94,-21,69,40
42,-24,0,-94,-21,69,40
42,-24,0,-94,-21,69,40
42,-24,0,-94,-21,69,40
43,-10,1,-99,-9,107,-40
43,-10,1,-99,-9,107,-40
43,-10,1,-99,-9,107,-40
43,-10,1,-99,-9,107,-40
43,-10,1,-99,-9,107,-40
43,-10,1,-99,-9,107,-40
43,-10,1,-99,-9,107,-40
43,-10,1,-99,-9,107,-40
43,-10,1,-99,-9,107,-40
43,-10,1,-99,-9,107,-40
43,-10,1,-99,-9,107,-40
43,-10,1,-99,-9,107,-40
43,-10,1,-99,-9,107,-40
43,-10,1,-99,-9,107,-40
43,-10,1,-99,-9,107,-40
43,-10,1,-99,-9,107,-40
43,-10,1,-99,-9,107,-40
43,-10,1,-99,-9,107,-40
43,-10,1,-99,-9,107,-40
43,-10,1,-99,-9,107,-40
43,-10,1,-99,-9,107,-40
43,-10,1,-99,-9,107,-40
43,-10,1,-99,-9,107,-40
43,-10,1,-99,-9,107,-40
43,-10,1,-99,-9,107,-40
43,-10,1,-99,-9,107,-40
43,-10,1,-99,-9,107,-40
43,-10,1,-99,-9,107,-40
43,-10,1,-99,-9,107,-40
43,-10,1,-99,-9,107,-40
43,-10,1,-99,-9,107,-40
43,-10,1,-99,-9,107,-40
43,-10,1,-99,-9,107,-40
43,-10,1,-99,-9,107,-40
43,-10,1,-99,-9,107,-40
43,-10,1,-99,-9,107,-40
43,-10,1,-99,-9,107,-40
43,-10,1,-99,-9,107,-40
43,-10,1,-99,-9,107,-40
43,-10,1,-99,-9,107,-40
43,-10,1,-99,-9,107,-40
43,-10,1,-99,-9,107,-40
43,-10,1,-99,-9,107,-40
43,-10,1,-99,-9,107,-40
43,-10,1,-99,-9,107,-40
43,-10,1,-99,-9,107,-40
43,-10,1,-99,-9,107,-40
43,-10,1,-99,-9,107,-40
43,-10,1,-99,-9,107,-40
43,-10,1,-99,-9,107,-40
43,-10,1,-99,-9,107,-40
43,-10,1,-99,-9,107,-40
43,-10,1,-99,-9,107,-40
43,-10,1,-99,-9,107,-40
43,-10,1,-99,-9,107,-40
43,-10,1,-99,-9,107,-40
43,-10,1,-99,-9,107,-40
43,-10,1,-99,-9,107,-40
43,-10,1,-99,-9,107,-40
43,-10,1,-99,-9,107,-40
43,-10,1,-99,-9,107,-40
43,-10,1,-99,-9,107,-40
43,-10,1,-99,-9,107,-40
43,-10,1,-99,-9,107,-40
43,-10,1,-99,-9,107,-40
43,-10,1,-99,-9,107,-40
43,-10,1,-99,-9,107,-40
43,-10,1,-99,-9,107,-40
43,-10,1,-99,-9,107,-40
43,-10,1,-99,-9,107,-40
43,-10,1,-99,-9,107,-40
43,-10,1,-99,-9,107,-40
43,-10,1,-99,-9,107,-40
43,-10,1,-99,-9,107,-40
43,-10,1,-99,-9,107,-40
43,-10,1,-99,-9,107,-40
43,-10,1,-99,-9,107,-40
43,-10,1,-99,-9,107,-40
43,-10,1,-99,-9,107,-40
43,-10,1,-99,-9,107,-40
43,-10,1,-99,-9,107,-40
43,-10,1,-99,-9,107,-40
44,1,1,-99,1,121,-80
44,1,1,-99,1,121,-80
44,1,1,-99,1,121,-80
44,1,1,-99,1,121,-80
44,1,1,-99,1,121,-80
44,1,1,-99,1,121,-80
44,1,1,-99,1,121,-80
44,1,1,-99,1,121,-80
44,1,1,-99,1,121,-80
44,1,1,-99,1,121,-80
44,1,1,-99,1,121,-80
44,1,1,-99,1,121,-80
44,1,1,-99,1,121,-80
44,1,1,-99,1,121,-80
44,1,1,-99,1,121,-80
44,1,1,-99,1,121,-80
44,1,1,-99,1,121,-80
44,1,1,-99,1,121,-80
44,1,1,-99,1,121,-80
44,1,1,-99,1,121,-80
44,1,1,-99,1,121,-80
44,1,1,-99,1,121,-80
44,1,1,-99,1,121,-80
44,1,1,-99,1,121,-80
44,1,1,-99,1,121,-80
44,1,1,-99,1,121,-80
44,1,1,-99,1,121,-80
44,1,1,-99,1,121,-80
44,1,1,-99,1,121,-80
44,1,1,-99,1,121,-80
44,1,1,-99,1,121,-80
44,1,1,-99,1,121,-80
44,1,1,-99,1,121,-80
44,1,1,-99,1,121,-80
44,1,1,-99,1,121,-80
44,1,1,-99,1,121,-80
44,1,1,-99,1,121,-80
44,1,1,-99,1,121,-80
44,1,1,-99,1,121,-80
44,1,1,-99,1,121,-80
44,1,1,-99,1,121,-80
44,1,1,-99,1,121,-80
44,1,1,-99,1,121,-80
44,1,1,-99,1,121,-80
44,1,1,-99,1,121,-80
44,1,1,-99,1,121,-80
44,1,1,-99,1,121,-80
44,1,1,-99,1,121,-80
44,1,1,-99,1,121,-80
44,1,1,-99,1,121,-80
44,1,1,-99,1,121,-80
44,1,1,-99,1,121,-80
44,1,1,-99,1,121,-80
44,1,1,-99,1,121,-80
44,1,1,-99,1,121,-80
44,1,1,-99,1,121,-80
44,1,1,-99,1,121,-80
44,1,1,-99,1,121,-80
44,1,1,-99,1,121,-80
44,1,1,-99,1,121,-80
44,1,1,-99,1,121,-80
44,1,1,-99,1,121,-80
44,1,1,-99,1,121,-80
44,1,1,-99,1,121,-80
44,1,1,-99,1,121,-80
44,1,1,-99,1,121,-80
44,1,1,-99,1,121,-80
44,1,1,-99,1,121,-80
44,1,1,-99,1,121,-80
44,1,1,-99,1,121,-80
44,1,1,-99,1,121,-80
44,1,1,-99,1,121,-80
44,1,1,-99,1,121,-80
44,1,1,-99,1,121,-80
44,1,1,-99,1,121,-80
44,1,1,-99,1,121,-80
44,1,1,-99,1,121,-80
44,1,1,-99,1,121,-80
44,1,1,-99,1,121,-80
44,1,1,-99,1,121,-80
44,1,1,-99,1,121,-80
44,1,1,-99,1,121,-80
45,8,1,-99,8,126,-80
45,8,1,-99,8,126,-80
45,8,1,-99,8,126,-80
45,8,1,-99,8,126,-80
45,8,1,-99,8,126,-80
45,8,1,-99,8,126,-80
45,8,1,-99,8,126,-80
45,8,1,-99,8,126,-80
45,8,1,-99,8,126,-80
45,8,1,-99,8,126,-80
45,8,1,-99,8,126,-80
45,8,1,-99,8,126,-80
45,8,1,-99,8,126,-80
45,8,1,-99,8,126,-80
45,8,1,-99,8,126,-80
45,8,1,-99,8,126,-80
45,8,1,-99,8,126,-80
45,8,1,-99,8,126,-80
45,8,1,-99,8,126,-80
45,8,1,-99,8,126,-80
45,8,1,-99,8,126,-80
45,8,1,-99,8,126,-80
45,8,1,-99,8,126,-80
45,8,1,-99,8,126,-80
45,8,1,-99,8,126,-80
45,8,1,-99,8,126,-80
45,8,1,-99,8,126,-80
45,8,1,-99,8,126,-80
45,8,1,-99,8,126,-80
45,8,1,-99,8,126,-80
45,8,1,-99,8,126,-80
45,8,1,-99,8,126,-80
45,8,1,-99,8,126,-80
45,8,1,-99,8,126,-80
45,8,1,-99,8,126,-80
45,8,1,-99,8,126,-80
45,8,1,-99,8,126,-80
45,8,1,-99,8,126,-80
45,8,1,-99,8,126,-80
45,8,1,-99,8,126,-80
45,8,1,-99,8,126,-80
45,8,1,-99,8,126,-80
45,8,1,-99,8,126,-80
45,8,1,-99,8,126,-80
45,8,1,-99,8,126,-80
45,8,1,-99,8,126,-80
45,8,1,-99,8,126,-80
45,8,1,-99,8,126,-80
45,8,1,-99,8,126,-80
45,8,1,-99,8,126,-80
45,8,1,-99,8,126,-80
45,8,1,-99,8,126,-80
45,8,1,-99,8,126,-80
45,8,1,-99,8,126,-80
45,8,1,-99,8,126,-80
45,8,1,-99,8,126,-80
45,8,1,-99,8,126,-80
45,8,1,-99,8,126,-80
45,8,1,-99,8,126,-80
45,8,1,-99,8,126,-80
45,8,1,-99,8,126,-80
45,8,1,-99,8,126,-80
45,8,1,-99,8,126,-80
45,8,1,-99,8,126,-80
45,8,1,-99,8,126,-80
45,8,1,-99,8,126,-80
45,8,1,-99,8,126,-80
45,8,1,-99,8,126,-80
45,8,1,-99,8,126,-80
45,8,1,-99,8,126,-80
45,8,1,-99,8,126,-80
45,8,1,-99,8,126,-80
45,8,1,-99,8,126,-80
45,8,1,-99,8,126,-80
45,8,1,-99,8,126,-80
45,8,1,-99,8,126,-80
45,8,1,-99,8,126,-80
45,8,1,-99,8,126,-80
45,8,1,-99,8,126,-80
45,8,1,-99,8,126,-80
45,8,1,-99,8,126,-80
45,8,1,-99,8,126,-80
46,-6,1,-99,-5,35,-40
46,-6,1,-99,-5,35,-40
46,-6,1,-99,-5,35,-40
46,-6,1,-99,-5,35,-40
46,-6,1,-99,-5,35,-40
46,-6,1,-99,-5,35,-40
46,-6,1,-99,-5,35,-40
46,-6,1,-99,-5,35,-40
46,-6,1,-99,-5,35,-40
46,-6,1,-99,-5,35,-40
46,-6,1,-99,-5,35,-40
46,-6,1,-99,-5,35,-40
46,-6,1,-99,-5,35,-40
46,-6,1,-99,-5,35,-40
46,-6,1,-99,-5,35,-40
46,-6,1,-99,-5,35,-40
46,-6,1,-99,-5,35,-40
46,-6,1,-99,-5,35,-40
46,-6,1,-99,-5,35,-40
46,-6,1,-99,-5,35,-40
46,-6,1,-99,-5,35,-40
46,-6,1,-99,-5,35,-40
46,-6,1,-99,-5,35,-40
46,-6,1,-99,-5,35,-40
46,-6,1,-99,-5,35,-40
46,-6,1,-99,-5,35,-40
46,-6,1,-99,-5,35,-40
46,-6,1,-99,-5,35,-40
46,-6,1,-99,-5,35,-40
46,-6,1,-99,-5,35,-40
46,-6,1,-99,-5,35,-40
46,-6,1,-99,-5,35,-40
46,-6,1,-99,-5,35,-40
46,-6,1,-99,-5,35,-40
46,-6,1,-99,-5,35,-40
46,-6,1,-99,-5,35,-40
46,-6,1,-99,-5,35,-40
46,-6,1,-99,-5,35,-40
46,-6,1,-99,-5,35,-40
46,-6,1,-99,-5,35,-40
46,-6,1,-99,-5,35,-40
46,-6,1,-99,-5,35,-40
46,-6,1,-99,-5,35,-40
46,-6,1,-99,-5,35,-40
46,-6,1,-99,-5,35,-40
46,-6,1,-99,-5,35,-40
46,-6,1,-99,-5,35,-40
46,-6,1,-99,-5,35,-40
46,-6,1,-99,-5,35,-40
46,-6,1,-99,-5,35,-40
46,-6,1,-99,-5,35,-40
46,-6,1,-99,-5,35,-40
46,-6,1,-99,-5,35,-40
46,-6,1,-99,-5,35,-40
46,-6,1,-99,-5,35,-40
46,-6,1,-99,-5,35,-40
46,-6,1,-99,-5,35,-40
46,-6,1,-99,-5,35,-40
46,-6,1,-99,-5,35,-40
46,-6,1,-99,-5,35,-40
46,-6,1,-99,-5,35,-40
46,-6,1,-99,-5,35,-40
46,-6,1,-99,-5,35,-40
46,-6,1,-99,-5,35,-40
46,-6,1,-99,-5,35,-40
46,-6,1,-99,-5,35,-40
46,-6,1,-99,-5,35,-40
46,-6,1,-99,-5,35,-40
46,-6,1,-99,-5,35,-40
46,-6,1,-99,-5,35,-40
46,-6,1,-99,-5,35,-40
46,-6,1,-99,-5,35,-40
46,-6,1,-99,-5,35,-40
46,-6,1,-99,-5,35,-40
46,-6,1,-99,-5,35,-40
46,-6,1,-99,-5,35,-40
46,-6,1,-99,-5,35,-40
46,-6,1,-99,-5,35,-40
46,-6,1,-99,-5,35,-40
46,-6,1,-99,-5,35,-40
47,-8,1,-99,-7,129,40
47,-8,1,-99,-7,129,40
47,-8,1,-99,-7,129,40
47,-8,1,-99,-7,129,40
47,-8,1,-99,-7,129,40
47,-8,1,-99,-7,129,40
47,-8,1,-99,-7,129,40
47,-8,1,-99,-7,129,40
47,-8,1,-99,-7,129,40
47,-8,1,-99,-7,129,40
47,-8,1,-99,-7,129,40
47,-8,1,-99,-7,129,40
47,-8,1,-99,-7,129,40
47,-8,1,-99,-7,129,40
47,-8,1,-99,-7,129,40
47,-8,1,-99,-7,129,40
47,-8,1,-99,-7,129,40
47,-8,1,-99,-7,129,40
47,-8,1,-99,-7,129,40
47,-8,1,-99,-7,129,40
47,-8,1,-99,-7,129,40
47,-8,1,-99,-7,129,40
47,-8,1,-99,-7,129,40
47,-8,1,-99,-7,129,40
47,-8,1,-99,-7,129,40
47,-8,1,-99,-7,129,40
47,-8,1,-99,-7,129,40
47,-8,1,-99,-7,129,40
47,-8,1,-99,-7,129,40
47,-8,1,-99,-7,129,40
47,-8,1,-99,-7,129,40
47,-8,1,-99,-7,129,40
47,-8,1,-99,-7,129,40
47,-8,1,-99,-7,129,40
47,-8,1,-99,-7,129,40
47,-8,1,-99,-7,129,40
47,-8,1,-99,-7,129,40
47,-8,1,-99,-7,129,40
47,-8,1,-99,-7,129,40
47,-8,1,-99,-7,129,40
47,-8,1,-99,-7,129,40
47,-8,1,-99,-7,129,40
47,-8,1,-99,-7,129,40
47,-8,1,-99,-7,129,40
47,-8,1,-99,-7,129,40
47,-8,1,-99,-7,129,40
47,-8,1,-99,-7,129,40
47,-8,1,-99,-7,129,40
47,-8,1,-99,-7,129,40
47,-8,1,-99,-7,129,40
47,-8,1,-99,-7,129,40
47,-8,1,-99,-7,129,40
47,-8,1,-99,-7,129,40
47,-8,1,-99,-7,129,40
47,-8,1,-99,-7,129,40
47,-8,1,-99,-7,129,40
47,-8,1,-99,-7,129,40
47,-8,1,-99,-7,129,40
47,-8,1,-99,-7,129,40
47,-8,1,-99,-7,129,40
47,-8,1,-99,-7,129,40
47,-8,1,-99,-7,129,40
47,-8,1,-99,-7,129,40
47,-8,1,-99,-7,129,40
47,-8,1,-99,-7,129,40
47,-8,1,-99,-7,129,40
47,-8,1,-99,-7,129,40
47,-8,1,-99,-7,129,40
47,-8,1,-99,-7,129,40
47,-8,1,-99,-7,129,40
47,-8,1,-99,-7,129,40
47,-8,1,-99,-7,129,40
47,-8,1,-99,-7,129,40
47,-8,1,-99,-7,129,40
47,-8,1,-99,-7,129,40
47,-8,1,-99,-7,129,40
47,-8,1,-99,-7,129,40
47,-8,1,-99,-7,129,40
47,-8,1,-99,-7,129,40
47,-8,1,-99,-7,129,40
47,-8,1,-99,-7,129,40
47,-8,1,-99,-7,129,40
48,12,0,-98,11,23,0
48,12,0,-98,11,23,0
48,12,0,-98,11,23,0
48,12,0,-98,11,23,0
48,12,0,-98,11,23,0
48,12,0,-98,11,23,0
48,12,0,-98,11,23,0
48,12,0,-98,11,23,0
48,12,0,-98,11,23,0
48,12,0,-98,11,23,0
48,12,0,-98,11,23,0
48,12,0,-98,11,23,0
48,12,0,-98,11,23,0
48,12,0,-98,11,23,0
48,12,0,-98,11,23,0
48,12,0,-98,11,23,0
48,12,0,-98,11,23,0
48,12,0,-98,11,23,0
48,12,0,-98,11,23,0
48,12,0,-98,11,23,0
48,12,0,-98,11,23,0
48,12,0,-98,11,23,0
48,12,0,-98,11,23,0
48,12,0,-98,11,23,0
48,12,0,-98,11,23,0
48,12,0,-98,11,23,0
48,12,0,-98,11,23,0
48,12,0,-98,11,23,0
48,12,0,-98,11,23,0
48,12,0,-98,11,23,0
48,12,0,-98,11,23,0
48,12,0,-98,11,23,0
48,12,0,-98,11,23,0
48,12,0,-98,11,23,0
48,12,0,-98,11,23,0
48,12,0,-98,11,23,0
48,12,0,-98,11,23,0
48,12,0,-98,11,23,0
48,12,0,-98,11,23,0
48,12,0,-98,11,23,0
48,12,0,-98,11,23,0
48,12,0,-98,11,23,0
48,12,0,-98,11,23,0
48,12,0,-98,11,23,0
48,12,0,-98,11,23,0
48,12,0,-98,11,23,0
48,12,0,-98,11,23,0
48,12,0,-98,11,23,0
48,12,0,-98,11,23,0
48,12,0,-98,11,23,0
48,12,0,-98,11,23,0
48,12,0,-98,11,23,0
48,12,0,-98,11,23,0
48,12,0,-98,11,23,0
48,12,0,-98,11,23,0
48,12,0,-98,11,23,0
48,12,0,-98,11,23,0
48,12,0,-98,11,23,0
48,12,0,-98,11,23,0
48,12,0,-98,11,23,0
48,12,0,-98,11,23,0
48,12,0,-98,11,23,0
48,12,0,-98,11,23,0
48,12,0,-98,11,23,0
48,12,0,-98,11,23,0
48,12,0,-98,11,23,0
48,12,0,-98,11,23,0
48,12,0,-98,11,23,0
48,12,0,-98,11,23,0
48,12,0,-98,11,23,0
48,12,0,-98,11,23,0
48,12,0,-98,11,23,0
48,12,0,-98,11,23,0
48,12,0,-98,11,23,0
48,12,0,-98,11,23,0
48,12,0,-98,11,23,0
48,12,0,-98,11,23,0
48,12,0,-98,11,23,0
48,12,0,-98,11,23,0
49,15,1,-97,14,22,-80
49,15,1,-97,14,22,-80
49,15,1,-97,14,22,-80
49,15,1,-97,14,22,-80
49,15,1,-97,14,22,-80
49,15,1,-97,14,22,-80
49,15,1,-97,14,22,-80
49,15,1,-97,14,22,-80
49,15,1,-97,14,22,-80
49,15,1,-97,14,22,-80
49,15,1,-97,14,22,-80
49,15,1,-97,14,22,-80
49,15,1,-97,14,22,-80
49,15,1,-97,14,22,-80
49,15,1,-97,14,22,-80
49,15,1,-97,14,22,-80
49,15,1,-97,14,22,-80
49,15,1,-97,14,22,-80
49,15,1,-97,14,22,-80
49,15,1,-97,14,22,-80
49,15,1,-97,14,22,-80
49,15,1,-97,14,22,-80
49,15,1,-97,14,22,-80
49,15,1,-97,14,22,-80
49,15,1,-97,14,22,-80
49,15,1,-97,14,22,-80
49,15,1,-97,14,22,-80
49,15,1,-97,14,22,-80
49,15,1,-97,14,22,-80
49,15,1,-97,14,22,-80
49,15,1,-97,14,22,-80
49,15,1,-97,14,22,-80
49,15,1,-97,14,22,-80
49,15,1,-97,14,22,-80
49,15,1,-97,14,22,-80
49,15,1,-97,14,22,-80
49,15,1,-97,14,22,-80
49,15,1,-97,14,22,-80
49,15,1,-97,14,22,-80
49,15,1,-97,14,22,-80
49,15,1,-97,14,22,-80
49,15,1,-97,14,22,-80
49,15,1,-97,14,22,-80
49,15,1,-97,14,22,-80
49,15,1,-97,14,22,-80
49,15,1,-97,14,22,-80
49,15,1,-97,14,22,-80
49,15,1,-97,14,22,-80
49,15,1,-97,14,22,-80
49,15,1,-97,14,22,-80
49,15,1,-97,14,22,-80
49,15,1,-97,14,22,-80
49,15,1,-97,14,22,-80
49,15,1,-97,14,22,-80
49,15,1,-97,14,22,-80
49,15,1,-97,14,22,-80
49,15,1,-97,14,22,-80
49,15,1,-97,14,22,-80
49,15,1,-97,14,22,-80
49,15,1,-97,14,22,-80
49,15,1,-97,14,22,-80
49,15,1,-97,14,22,-80
49,15,1,-97,14,22,-80
49,15,1,-97,14,22,-80
49,15,1,-97,14,22,-80
49,15,1,-97,14,22,-80
49,15,1,-97,14,22,-80
49,15,1,-97,14,22,-80
49,15,1,-97,14,22,-80
49,15,1,-97,14,22,-80
49,15,1,-97,14,22,-80
49,15,1,-97,14,22,-80
49,15,1,-97,14,22,-80
49,15,1,-97,14,22,-80
50,2,0,-99,2,64,-120
50,2,0,-99,2,64,-120
50,2,0,-99,2,64,-120
50,2,0,-99,2,64,-120
50,2,0,-99,2,64,-120
50,2,0,-99,2,64,-120
50,2,0,-99,2,64,-120
50,2,0,-99,2,64,-120
50,2,0,-99,2,64,-120
50,2,0,-99,2,64,-120
50,2,0,-99,2,64,-120
50,2,0,-99,2,64,-120
50,2,0,-99,2,64,-120
50,2,0,-99,2,64,-120
50,2,0,-99,2,64,-120
50,2,0,-99,2,64,-120
50,2,0,-99,2,64,-120
50,2,0,-99,2,64,-120
50,2,0,-99,2,64,-120
50,2,0,-99,2,64,-120
50,2,0,-99,2,64,-120
50,2,0,-99,2,64,-120
50,2,0,-99,2,64,-120
50,2,0,-99,2,64,-120
50,2,0,-99,2,64,-120
50,2,0,-99,2,64,-120
50,2,0,-99,2,64,-120
50,2,0,-99,2,64,-120
50,2,0,-99,2,64,-120
50,2,0,-99,2,64,-120
50,2,0,-99,2,64,-120
50,2,0,-99,2,64,-120
50,2,0,-99,2,64,-120
50,2,0,-99,2,64,-120
50,2,0,-99,2,64,-120
50,2,0,-99,2,64,-120
50,2,0,-99,2,64,-120
50,2,0,-99,2,64,-120
50,2,0,-99,2,64,-120
50,2,0,-99,2,64,-120
50,2,0,-99,2,64,-120
50,2,0,-99,2,64,-120
50,2,0,-99,2,64,-120
50,2,0,-99,2,64,-120
50,2,0,-99,2,64,-120
50,2,0,-99,2,64,-120
50,2,0,-99,2,64,-120
50,2,0,-99,2,64,-120
50,2,0,-99,2,64,-120
50,2,0,-99,2,64,-120
50,2,0,-99,2,64,-120
50,2,0,-99,2,64,-120
50,2,0,-99,2,64,-120
50,2,0,-99,2,64,-120
50,2,0,-99,2,64,-120
50,2,0,-99,2,64,-120
50,2,0,-99,2,64,-120
50,2,0,-99,2,64,-120
50,2,0,-99,2,64,-120
50,2,0,-99,2,64,-120
50,2,0,-99,2,64,-120
50,2,0,-99,2,64,-120
50,2,0,-99,2,64,-120
50,2,0,-99,2,64,-120
50,2,0,-99,2,64,-120
50,2,0,-99,2,64,-120
50,2,0,-99,2,64,-120
50,2,0,-99,2,64,-120
50,2,0,-99,2,64,-120
50,2,0,-99,2,64,-120
50,2,0,-99,2,64,-120
50,2,0,-99,2,64,-120
50,2,0,-99,2,64,-120
51,-24,1,-94,-21,-30,-120
51,-24,1,-94,-21,-30,-120
51,-24,1,-94,-21,-30,-120
51,-24,1,-94,-21,-30,-120
51,-24,1,-94,-21,-30,-120
51,-24,1,-94,-21,-30,-120
51,-24,1,-94,-21,-30,-120
51,-24,1,-94,-21,-30,-120
51,-24,1,-94,-21,-30,-120
51,-24,1,-94,-21,-30,-120
51,-24,1,-94,-21,-30,-120
51,-24,1,-94,-21,-30,-120
51,-24,1,-94,-21,-30,-120
51,-24,1,-94,-21,-30,-120
51,-24,1,-94,-21,-30,-120
51,-24,1,-94,-21,-30,-120
51,-24,1,-94,-21,-30,-120
51,-24,1,-94,-21,-30,-120
51,-24,1,-94,-21,-30,-120
51,-24,1,-94,-21,-30,-120
51,-24,1,-94,-21,-30,-120
51,-24,1,-94,-21,-30,-120
51,-24,1,-94,-21,-30,-120
51,-24,1,-94,-21,-30,-120
51,-24,1,-94,-21,-30,-120
51,-24,1,-94,-21,-30,-120
51,-24,1,-94,-21,-30,-120
51,-24,1,-94,-21,-30,-120
51,-24,1,-94,-21,-30,-120
51,-24,1,-94,-21,-30,-120
51,-24,1,-94,-21,-30,-120
51,-24,1,-94,-21,-30,-120
51,-24,1,-94,-21,-30,-120
51,-24,1,-94,-21,-30,-120
51,-24,1,-94,-21,-30,-120
51,-24,1,-94,-21,-30,-120
51,-24,1,-94,-21,-30,-120
51,-24,1,-94,-21,-30,-120
51,-24,1,-94,-21,-30,-120
51,-24,1,-94,-21,-30,-120
51,-24,1,-94,-21,-30,-120
51,-24,1,-94,-21,-30,-120
51,-24,1,-94,-21,-30,-120
51,-24,1,-94,-21,-30,-120
51,-24,1,-94,-21,-30,-120
51,-24,1,-94,-21,-30,-120
51,-24,1,-94,-21,-30,-120
51,-24,1,-94,-21,-30,-120
51,-24,1,-94,-21,-30,-120
51,-24,1,-94,-21,-30,-120
51,-24,1,-94,-21,-30,-120
51,-24,1,-94,-21,-30,-120
51,-24,1,-94,-21,-30,-120
51,-24,1,-94,-21,-30,-120
51,-24,1,-94,-21,-30,-120
51,-24,1,-94,-21,-30,-120
51,-24,1,-94,-21,-30,-120
51,-24,1,-94,-21,-30,-120
51,-24,1,-94,-21,-30,-120
51,-24,1,-94,-21,-30,-120
51,-24,1,-94,-21,-30,-120
51,-24,1,-94,-21,-30,-120
51,-24,1,-94,-21,-30,-120
51,-24,1,-94,-21,-30,-120
51,-24,1,-94,-21,-30,-120
51,-24,1,-94,-21,-30,-120
51,-24,1,-94,-21,-30,-120
51,-24,1,-94,-21,-30,-120
51,-24,1,-94,-21,-30,-120
51,-24,1,-94,-21,-30,-120
51,-24,1,-94,-21,-30,-120
51,-24,1,-94,-21,-30,-120
51,-24,1,-94,-21,-30,-120
52,-22,1,-95,-19,124,-160
52,-22,1,-95,-19,124,-160
52,-22,1,-95,-19,124,-160
52,-22,1,-95,-19,124,-160
52,-22,1,-95,-19,124,-160
52,-22,1,-95,-19,124,-160
52,-22,1,-95,-19,124,-160
52,-22,1,-95,-19,124,-160
52,-22,1,-95,-19,124,-160
52,-22,1,-95,-19,124,-160
52,-22,1,-95,-19,124,-160
52,-22,1,-95,-19,124,-160
52,-22,1,-95,-19,124,-160
52,-22,1,-95,-19,124,-160
52,-22,1,-95,-19,124,-160
52,-22,1,-95,-19,124,-160
52,-22,1,-95,-19,124,-160
52,-22,1,-95,-19,124,-160
52,-22,1,-95,-19,124,-160
52,-22,1,-95,-19,124,-160
52,-22,1,-95,-19,124,-160
52,-22,1,-95,-19,124,-160
52,-22,1,-95,-19,124,-160
52,-22,1,-95,-19,124,-160
52,-22,1,-95,-19,124,-160
52,-22,1,-95,-19,124,-160
52,-22,1,-95,-19,124,-160
52,-22,1,-95,-19,124,-160
52,-22,1,-95,-19,124,-160
52,-22,1,-95,-19,124,-160
52,-22,1,-95,-19,124,-160
52,-22,1,-95,-19,124,-160
52,-22,1,-95,-19,124,-160
52,-22,1,-95,-19,124,-160
52,-22,1,-95,-19,124,-160
52,-22,1,-95,-19,124,-160
52,-22,1,-95,-19,124,-160
52,-22,1,-95,-19,124,-160
52,-22,1,-95,-19,124,-160
52,-22,1,-95,-19,124,-160
52,-22,1,-95,-19,124,-160
52,-22,1,-95,-19,124,-160
52,-22,1,-95,-19,124,-160
52,-22,1,-95,-19,124,-160
52,-22,1,-95,-19,124,-160
52,-22,1,-95,-19,124,-160
52,-22,1,-95,-19,124,-160
52,-22,1,-95,-19,124,-160
52,-22,1,-95,-19,124,-160
52,-22,1,-95,-19,124,-160
52,-22,1,-95,-19,124,-160
52,-22,1,-95,-19,124,-160
52,-22,1,-95,-19,124,-160
52,-22,1,-95,-19,124,-160
52,-22,1,-95,-19,124,-160
52,-22,1,-95,-19,124,-160
52,-22,1,-95,-19,124,-160
52,-22,1,-95,-19,124,-160
52,-22,1,-95,-19,124,-160
52,-22,1,-95,-19,124,-160
52,-22,1,-95,-19,124,-160
52,-22,1,-95,-19,124,-160
52,-22,1,-95,-19,124,-160
52,-22,1,-95,-19,124,-160
52,-22,1,-95,-19,124,-160
52,-22,1,-95,-19,124,-160
52,-22,1,-95,-19,124,-160
52,-22,1,-95,-19,124,-160
52,-22,1,-95,-19,124,-160
52,-22,1,-95,-19,124,-160
52,-22,1,-95,-19,124,-160
52,-22,1,-95,-19,124,-160
52,-22,1,-95,-19,124,-160
52,-22,1,-95,-19,124,-160
52,-22,1,-95,-19,124,-160
53,7,0,-99,7,71,-160
53,7,0,-99,7,71,-160
53,7,0,-99,7,71,-160
53,7,0,-99,7,71,-160
53,7,0,-99,7,71,-160
53,7,0,-99,7,71,-160
53,7,0,-99,7,71,-160
53,7,0,-99,7,71,-160
53,7,0,-99,7,71,-160
53,7,0,-99,7,71,-160
53,7,0,-99,7,71,-160
53,7,0,-99,7,71,-160
53,7,0,-99,7,71,-160
53,7,0,-99,7,71,-160
53,7,0,-99,7,71,-160
53,7,0,-99,7,71,-160
53,7,0,-99,7,71,-160
53,7,0,-99,7,71,-160
53,7,0,-99,7,71,-160
53,7,0,-99,7,71,-160
53,7,0,-99,7,71,-160
53,7,0,-99,7,71,-160
53,7,0,-99,7,71,-160
53,7,0,-99,7,71,-160
53,7,0,-99,7,71,-160
53,7,0,-99,7,71,-160
53,7,0,-99,7,71,-160
53,7,0,-99,7,71,-160
53,7,0,-99,7,71,-160
53,7,0,-99,7,71,-160
53,7,0,-99,7,71,-160
53,7,0,-99,7,71,-160
53,7,0,-99,7,71,-160
53,7,0,-99,7,71,-160
53,7,0,-99,7,71,-160
53,7,0,-99,7,71,-160
53,7,0,-99,7,71,-160
53,7,0,-99,7,71,-160
53,7,0,-99,7,71,-160
53,7,0,-99,7,71,-160
53,7,0,-99,7,71,-160
53,7,0,-99,7,71,-160
54,12,1,-98,11,71,-200
54,12,1,-98,11,71,-200
54,12,1,-98,11,71,-200
54,12,1,-98,11,71,-200
54,12,1,-98,11,71,-200
54,12,1,-98,11,71,-200
54,12,1,-98,11,71,-200
54,12,1,-98,11,71,-200
54,12,1,-98,11,71,-200
54,12,1,-98,11,71,-200
54,12,1,-98,11,71,-200
54,12,1,-98,11,71,-200
54,12,1,-98,11,71,-200
54,12,1,-98,11,71,-200
54,12,1,-98,11,71,-200
54,12,1,-98,11,71,-200
54,12,1,-98,11,71,-200
54,12,1,-98,11,71,-200
54,12,1,-98,11,71,-200
54,12,1,-98,11,71,-200
54,12,1,-98,11,71,-200
54,12,1,-98,11,71,-200
54,12,1,-98,11,71,-200
54,12,1,-98,11,71,-200
54,12,1,-98,11,71,-200
54,12,1,-98,11,71,-200
54,12,1,-98,11,71,-200
54,12,1,-98,11,71,-200
54,12,1,-98,11,71,-200
54,12,1,-98,11,71,-200
54,12,1,-98,11,71,-200
54,12,1,-98,11,71,-200
54,12,1,-98,11,71,-200
54,12,1,-98,11,71,-200
54,12,1,-98,11,71,-200
54,12,1,-98,11,71,-200
54,12,1,-98,11,71,-200
54,12,1,-98,11,71,-200
54,12,1,-98,11,71,-200
54,12,1,-98,11,71,-200
54,12,1,-98,11,71,-200
54,12,1,-98,11,71,-200
54,12,1,-98,11,71,-200
54,12,1,-98,11,71,-200
54,12,1,-98,11,71,-200
54,12,1,-98,11,71,-200
54,12,1,-98,11,71,-200
54,12,1,-98,11,71,-200
54,12,1,-98,11,71,-200
54,12,1,-98,11,71,-200
54,12,1,-98,11,71,-200
54,12,1,-98,11,71,-200
54,12,1,-98,11,71,-200
54,12,1,-98,11,71,-200
54,12,1,-98,11,71,-200
54,12,1,-98,11,71,-200
54,12,1,-98,11,71,-200
54,12,1,-98,11,71,-200
54,12,1,-98,11,71,-200
54,12,1,-98,11,71,-200
54,12,1,-98,11,71,-200
54,12,1,-98,11,71,-200
54,12,1,-98,11,71,-200
54,12,1,-98,11,71,-200
54,12,1,-98,11,71,-200
54,12,1,-98,11,71,-200
54,12,1,-98,11,71,-200
54,12,1,-98,11,71,-200
54,12,1,-98,11,71,-200
54,12,1,-98,11,71,-200
54,12,1,-98,11,71,-200
54,12,1,-98,11,71,-200
54,12,1,-98,11,71,-200
54,12,1,-98,11,71,-200
54,12,1,-98,11,71,-200
54,12,1,-98,11,71,-200
55,9,0,-99,9,37,-200
55,9,0,-99,9,37,-200
55,9,0,-99,9,37,-200
55,9,0,-99,9,37,-200
55,9,0,-99,9,37,-200
55,9,0,-99,9,37,-200
55,9,0,-99,9,37,-200
55,9,0,-99,9,37,-200
55,9,0,-99,9,37,-200
55,9,0,-99,9,37,-200
55,9,0,-99,9,37,-200
55,9,0,-99,9,37,-200
55,9,0,-99,9,37,-200
55,9,0,-99,9,37,-200
55,9,0,-99,9,37,-200
55,9,0,-99,9,37,-200
55,9,0,-99,9,37,-200
55,9,0,-99,9,37,-200
55,9,0,-99,9,37,-200
55,9,0,-99,9,37,-200
55,9,0,-99,9,37,-200
55,9,0,-99,9,37,-200
55,9,0,-99,9,37,-200
55,9,0,-99,9,37,-200
55,9,0,-99,9,37,-200
55,9,0,-99,9,37,-200
55,9,0,-99,9,37,-200
55,9,0,-99,9,37,-200
55,9,0,-99,9,37,-200
55,9,0,-99,9,37,-200
55,9,0,-99,9,37,-200
55,9,0,-99,9,37,-200
55,9,0,-99,9,37,-200
55,9,0,-99,9,37,-200
55,9,0,-99,9,37,-200
55,9,0,-99,9,37,-200
55,9,0,-99,9,37,-200
55,9,0,-99,9,37,-200
55,9,0,-99,9,37,-200
55,9,0,-99,9,37,-200
55,9,0,-99,9,37,-200
55,9,0,-99,9,37,-200
55,9,0,-99,9,37,-200
55,9,0,-99,9,37,-200
55,9,0,-99,9,37,-200
55,9,0,-99,9,37,-200
55,9,0,-99,9,37,-200
55,9,0,-99,9,37,-200
55,9,0,-99,9,37,-200
55,9,0,-99,9,37,-200
55,9,0,-99,9,37,-200
55,9,0,-99,9,37,-200
55,9,0,-99,9,37,-200
55,9,0,-99,9,37,-200
55,9,0,-99,9,37,-200
55,9,0,-99,9,37,-200
55,9,0,-99,9,37,-200
55,9,0,-99,9,37,-200
55,9,0,-99,9,37,-200
55,9,0,-99,9,37,-200
55,9,0,-99,9,37,-200
55,9,0,-99,9,37,-200
55,9,0,-99,9,37,-200
55,9,0,-99,9,37,-200
55,9,0,-99,9,37,-200
55,9,0,-99,9,37,-200
55,9,0,-99,9,37,-200
55,9,0,-99,9,37,-200
55,9,0,-99,9,37,-200
55,9,0,-99,9,37,-200
55,9,0,-99,9,37,-200
55,9,0,-99,9,37,-200
55,9,0,-99,9,37,-200
55,9,0,-99,9,37,-200
56,-14,0,-98,-12,92,-160
56,-14,0,-98,-12,92,-160
56,-14,0,-98,-12,92,-160
56,-14,0,-98,-12,92,-160
56,-14,0,-98,-12,92,-160
56,-14,0,-98,-12,92,-160
56,-14,0,-98,-12,92,-160
56,-14,0,-98,-12,92,-160
56,-14,0,-98,-12,92,-160
56,-14,0,-98,-12,92,-160
56,-14,0,-98,-12,92,-160
56,-14,0,-98,-12,92,-160
56,-14,0,-98,-12,92,-160
56,-14,0,-98,-12,92,-160
56,-14,0,-98,-12,92,-160
56,-14,0,-98,-12,92,-160
56,-14,0,-98,-12,92,-160
56,-14,0,-98,-12,92,-160
56,-14,0,-98,-12,92,-160
56,-14,0,-98,-12,92,-160
56,-14,0,-98,-12,92,-160
56,-14,0,-98,-12,92,-160
56,-14,0,-98,-12,92,-160
56,-14,0,-98,-12,92,-160
56,-14,0,-98,-12,92,-160
56,-14,0,-98,-12,92,-160
56,-14,0,-98,-12,92,-160
56,-14,0,-98,-12,92,-160
56,-14,0,-98,-12,92,-160
56,-14,0,-98,-12,92,-160
56,-14,0,-98,-12,92,-160
56,-14,0,-98,-12,92,-160
56,-14,0,-98,-12,92,-160
56,-14,0,-98,-12,92,-160
56,-14,0,-98,-12,92,-160
56,-14,0,-98,-12,92,-160
56,-14,0,-98,-12,92,-160
56,-14,0,-98,-12,92,-160
56,-14,0,-98,-12,92,-160
56,-14,0,-98,-12,92,-160
56,-14,0,-98,-12,92,-160
56,-14,0,-98,-12,92,-160
56,-14,0,-98,-12,92,-160
56,-14,0,-98,-12,92,-160
56,-14,0,-98,-12,92,-160
56,-14,0,-98,-12,92,-160
56,-14,0,-98,-12,92,-160
56,-14,0,-98,-12,92,-160
56,-14,0,-98,-12,92,-160
56,-14,0,-98,-12,92,-160
56,-14,0,-98,-12,92,-160
56,-14,0,-98,-12,92,-160
56,-14,0,-98,-12,92,-160
56,-14,0,-98,-12,92,-160
56,-14,0,-98,-12,92,-160
56,-14,0,-98,-12,92,-160
56,-14,0,-98,-12,92,-160
56,-14,0,-98,-12,92,-160
56,-14,0,-98,-12,92,-160
56,-14,0,-98,-12,92,-160
56,-14,0,-98,-12,92,-160
56,-14,0,-98,-12,92,-160
56,-14,0,-98,-12,92,-160
56,-14,0,-98,-12,92,-160
56,-14,0,-98,-12,92,-160
56,-14,0,-98,-12,92,-160
56,-14,0,-98,-12,92,-160
56,-14,0,-98,-12,92,-160
56,-14,0,-98,-12,92,-160
56,-14,0,-98,-12,92,-160
56,-14,0,-98,-12,92,-160
56,-14,0,-98,-12,92,-160
56,-14,0,-98,-12,92,-160
57,-19,1,-96,-17,119,-120
57,-19,1,-96,-17,119,-120
57,-19,1,-96,-17,119,-120
57,-19,1,-96,-17,119,-120
57,-19,1,-96,-17,119,-120
57,-19,1,-96,-17,119,-120
57,-19,1,-96,-17,119,-120
57,-19,1,-96,-17,119,-120
57,-19,1,-96,-17,119,-120
57,-19,1,-96,-17,119,-120
57,-19,1,-96,-17,119,-120
57,-19,1,-96,-17,119,-120
57,-19,1,-96,-17,119,-120
57,-19,1,-96,-17,119,-120
57,-19,1,-96,-17,119,-120
57,-19,1,-96,-17,119,-120
57,-19,1,-96,-17,119,-120
57,-19,1,-96,-17,119,-120
57,-19,1,-96,-17,119,-120
57,-19,1,-96,-17,119,-120
57,-19,1,-96,-17,119,-120
57,-19,1,-96,-17,119,-120
57,-19,1,-96,-17,119,-120
57,-19,1,-96,-17,119,-120
57,-19,1,-96,-17,119,-120
57,-19,1,-96,-17,119,-120
57,-19,1,-96,-17,119,-120
57,-19,1,-96,-17,119,-120
57,-19,1,-96,-17,119,-120
57,-19,1,-96,-17,119,-120
57,-19,1,-96,-17,119,-120
57,-19,1,-96,-17,119,-120
57,-19,1,-96,-17,119,-120
57,-19,1,-96,-17,119,-120
57,-19,1,-96,-17,119,-120
57,-19,1,-96,-17,119,-120
57,-19,1,-96,-17,119,-120
57,-19,1,-96,-17,119,-120
57,-19,1,-96,-17,119,-120
57,-19,1,-96,-17,119,-120
57,-19,1,-96,-17,119,-120
57,-19,1,-96,-17,119,-120
57,-19,1,-96,-17,119,-120
57,-19,1,-96,-17,119,-120
57,-19,1,-96,-17,119,-120
57,-19,1,-96,-17,119,-120
57,-19,1,-96,-17,119,-120
57,-19,1,-96,-17,119,-120
57,-19,1,-96,-17,119,-120
57,-19,1,-96,-17,119,-120
57,-19,1,-96,-17,119,-120
57,-19,1,-96,-17,119,-120
57,-19,1,-96,-17,119,-120
57,-19,1,-96,-17,119,-120
57,-19,1,-96,-17,119,-120
57,-19,1,-96,-17,119,-120
57,-19,1,-96,-17,119,-120
57,-19,1,-96,-17,119,-120
57,-19,1,-96,-17,119,-120
57,-19,1,-96,-17,119,-120
57,-19,1,-96,-17,119,-120
57,-19,1,-96,-17,119,-120
57,-19,1,-96,-17,119,-120
57,-19,1,-96,-17,119,-120
57,-19,1,-96,-17,119,-120
57,-19,1,-96,-17,119,-120
57,-19,1,-96,-17,119,-120
57,-19,1,-96,-17,119,-120
57,-19,1,-96,-17,119,-120
57,-19,1,-96,-17,119,-120
57,-19,1,-96,-17,119,-120
57,-19,1,-96,-17,119,-120
57,-19,1,-96,-17,119,-120
58,5,0,-99,5,24,-160
58,5,0,-99,5,24,-160
58,5,0,-99,5,24,-160
58,5,0,-99,5,24,-160
58,5,0,-99,5,24,-160
58,5,0,-99,5,24,-160
58,5,0,-99,5,24,-160
58,5,0,-99,5,24,-160
58,5,0,-99,5,24,-160
58,5,0,-99,5,24,-160
58,5,0,-99,5,24,-160
58,5,0,-99,5,24,-160
58,5,0,-99,5,24,-160
58,5,0,-99,5,24,-160
58,5,0,-99,5,24,-160
58,5,0,-99,5,24,-160
58,5,0,-99,5,24,-160
58,5,0,-99,5,24,-160
58,5,0,-99,5,24,-160
58,5,0,-99,5,24,-160
58,5,0,-99,5,24,-160
58,5,0,-99,5,24,-160
58,5,0,-99,5,24,-160
58,5,0,-99,5,24,-160
58,5,0,-99,5,24,-160
58,5,0,-99,5,24,-160
58,5,0,-99,5,24,-160
58,5,0,-99,5,24,-160
58,5,0,-99,5,24,-160
58,5,0,-99,5,24,-160
58,5,0,-99,5,24,-160
58,5,0,-99,5,24,-160
58,5,0,-99,5,24,-160
58,5,0,-99,5,24,-160
58,5,0,-99,5,24,-160
58,5,0,-99,5,24,-160
58,5,0,-99,5,24,-160
58,5,0,-99,5,24,-160
58,5,0,-99,5,24,-160
58,5,0,-99,5,24,-160
58,5,0,-99,5,24,-160
58,5,0,-99,5,24,-160
58,5,0,-99,5,24,-160
58,5,0,-99,5,24,-160
58,5,0,-99,5,24,-160
58,5,0,-99,5,24,-160
58,5,0,-99,5,24,-160
58,5,0,-99,5,24,-160
58,5,0,-99,5,24,-160
58,5,0,-99,5,24,-160
58,5,0,-99,5,24,-160
58,5,0,-99,5,24,-160
58,5,0,-99,5,24,-160
58,5,0,-99,5,24,-160
58,5,0,-99,5,24,-160
58,5,0,-99,5,24,-160
58,5,0,-99,5,24,-160
58,5,0,-99,5,24,-160
58,5,0,-99,5,24,-160
58,5,0,-99,5,24,-160
58,5,0,-99,5,24,-160
58,5,0,-99,5,24,-160
58,5,0,-99,5,24,-160
58,5,0,-99,5,24,-160
58,5,0,-99,5,24,-160
58,5,0,-99,5,24,-160
58,5,0,-99,5,24,-160
58,5,0,-99,5,24,-160
58,5,0,-99,5,24,-160
58,5,0,-99,5,24,-160
58,5,0,-99,5,24,-160
58,5,0,-99,5,24,-160
58,5,0,-99,5,24,-160
58,5,0,-99,5,24,-160
59,7,1,-99,7,94,-120
59,7,1,-99,7,94,-120
59,7,1,-99,7,94,-120
59,7,1,-99,7,94,-120
59,7,1,-99,7,94,-120
59,7,1,-99,7,94,-120
59,7,1,-99,7,94,-120
59,7,1,-99,7,94,-120
59,7,1,-99,7,94,-120
59,7,1,-99,7,94,-120
59,7,1,-99,7,94,-120
59,7,1,-99,7,94,-120
59,7,1,-99,7,94,-120
59,7,1,-99,7,94,-120
59,7,1,-99,7,94,-120
59,7,1,-99,7,94,-120
59,7,1,-99,7,94,-120
59,7,1,-99,7,94,-120
59,7,1,-99,7,94,-120
59,7,1,-99,7,94,-120
59,7,1,-99,7,94,-120
59,7,1,-99,7,94,-120
59,7,1,-99,7,94,-120
59,7,1,-99,7,94,-120
59,7,1,-99,7,94,-120
59,7,1,-99,7,94,-120
59,7,1,-99,7,94,-120
59,7,1,-99,7,94,-120
59,7,1,-99,7,94,-120
59,7,1,-99,7,94,-120
59,7,1,-99,7,94,-120
59,7,1,-99,7,94,-120
59,7,1,-99,7,94,-120
59,7,1,-99,7,94,-120
59,7,1,-99,7,94,-120
59,7,1,-99,7,94,-120
59,7,1,-99,7,94,-120
59,7,1,-99,7,94,-120
59,7,1,-99,7,94,-120
59,7,1,-99,7,94,-120
59,7,1,-99,7,94,-120
59,7,1,-99,7,94,-120
59,7,1,-99,7,94,-120
59,7,1,-99,7,94,-120
59,7,1,-99,7,94,-120
59,7,1,-99,7,94,-120
59,7,1,-99,7,94,-120
59,7,1,-99,7,94,-120
59,7,1,-99,7,94,-120
59,7,1,-99,7,94,-120
59,7,1,-99,7,94,-120
59,7,1,-99,7,94,-120
59,7,1,-99,7,94,-120
59,7,1,-99,7,94,-120
59,7,1,-99,7,94,-120
59,7,1,-99,7,94,-120
59,7,1,-99,7,94,-120
59,7,1,-99,7,94,-120
59,7,1,-99,7,94,-120
59,7,1,-99,7,94,-120
59,7,1,-99,7,94,-120
59,7,1,-99,7,94,-120
59,7,1,-99,7,94,-120
59,7,1,-99,7,94,-120
59,7,1,-99,7,94,-120
59,7,1,-99,7,94,-120
59,7,1,-99,7,94,-120
59,7,1,-99,7,94,-120
59,7,1,-99,7,94,-120
59,7,1,-99,7,94,-120
59,7,1,-99,7,94,-120
59,7,1,-99,7,94,-120
59,7,1,-99,7,94,-120
60,12,0,-98,11,34,-160
60,12,0,-98,11,34,-160
60,12,0,-98,11,34,-160
60,12,0,-98,11,34,-160
60,12,0,-98,11,34,-160
60,12,0,-98,11,34,-160
60,12,0,-98,11,34,-160
60,12,0,-98,11,34,-160
60,12,0,-98,11,34,-160
60,12,0,-98,11,34,-160
60,12,0,-98,11,34,-160
60,12,0,-98,11,34,-160
60,12,0,-98,11,34,-160
60,12,0,-98,11,34,-160
60,12,0,-98,11,34,-160
60,12,0,-98,11,34,-160
60,12,0,-98,11,34,-160
60,12,0,-98,11,34,-160
60,12,0,-98,11,34,-160
60,12,0,-98,11,34,-160
60,12,0,-98,11,34,-160
60,12,0,-98,11,34,-160
60,12,0,-98,11,34,-160
60,12,0,-98,11,34,-160
60,12,0,-98,11,34,-160
60,12,0,-98,11,34,-160
60,12,0,-98,11,34,-160
60,12,0,-98,11,34,-160
60,12,0,-98,11,34,-160
60,12,0,-98,11,34,-160
60,12,0,-98,11,34,-160
60,12,0,-98,11,34,-160
60,12,0,-98,11,34,-160
60,12,0,-98,11,34,-160
60,12,0,-98,11,34,-160
60,12,0,-98,11,34,-160
60,12,0,-98,11,34,-160
60,12,0,-98,11,34,-160
60,12,0,-98,11,34,-160
60,12,0,-98,11,34,-160
60,12,0,-98,11,34,-160
60,12,0,-98,11,34,-160
60,12,0,-98,11,34,-160
60,12,0,-98,11,34,-160
60,12,0,-98,11,34,-160
60,12,0,-98,11,34,-160
60,12,0,-98,11,34,-160
60,12,0,-98,11,34,-160
60,12,0,-98,11,34,-160
60,12,0,-98,11,34,-160
60,12,0,-98,11,34,-160
60,12,0,-98,11,34,-160
60,12,0,-98,11,34,-160
60,12,0,-98,11,34,-160
60,12,0,-98,11,34,-160
60,12,0,-98,11,34,-160
60,12,0,-98,11,34,-160
60,12,0,-98,11,34,-160
60,12,0,-98,11,34,-160
60,12,0,-98,11,34,-160
60,12,0,-98,11,34,-160
60,12,0,-98,11,34,-160
60,12,0,-98,11,34,-160
60,12,0,-98,11,34,-160
60,12,0,-98,11,34,-160
60,12,0,-98,11,34,-160
60,12,0,-98,11,34,-160
60,12,0,-98,11,34,-160
60,12,0,-98,11,34,-160
61,-8,0,-99,-7,71,-120
61,-8,0,-99,-7,71,-120
61,-8,0,-99,-7,71,-120
61,-8,0,-99,-7,71,-120
61,-8,0,-99,-7,71,-120
61,-8,0,-99,-7,71,-120
61,-8,0,-99,-7,71,-120
61,-8,0,-99,-7,71,-120
61,-8,0,-99,-7,71,-120
61,-8,0,-99,-7,71,-120
61,-8,0,-99,-7,71,-120
61,-8,0,-99,-7,71,-120
61,-8,0,-99,-7,71,-120
61,-8,0,-99,-7,71,-120
61,-8,0,-99,-7,71,-120
61,-8,0,-99,-7,71,-120
61,-8,0,-99,-7,71,-120
61,-8,0,-99,-7,71,-120
61,-8,0,-99,-7,71,-120
61,-8,0,-99,-7,71,-120
61,-8,0,-99,-7,71,-120
61,-8,0,-99,-7,71,-120
61,-8,0,-99,-7,71,-120
61,-8,0,-99,-7,71,-120
61,-8,0,-99,-7,71,-120
61,-8,0,-99,-7,71,-120
61,-8,0,-99,-7,71,-120
61,-8,0,-99,-7,71,-120
61,-8,0,-99,-7,71,-120
61,-8,0,-99,-7,71,-120
61,-8,0,-99,-7,71,-120
61,-8,0,-99,-7,71,-120
61,-8,0,-99,-7,71,-120
61,-8,0,-99,-7,71,-120
61,-8,0,-99,-7,71,-120
61,-8,0,-99,-7,71,-120
61,-8,0,-99,-7,71,-120
61,-8,0,-99,-7,71,-120
61,-8,0,-99,-7,71,-120
61,-8,0,-99,-7,71,-120
61,-8,0,-99,-7,71,-120
61,-8,0,-99,-7,71,-120
61,-8,0,-99,-7,71,-120
61,-8,0,-99,-7,71,-120
61,-8,0,-99,-7,71,-120
61,-8,0,-99,-7,71,-120
61,-8,0,-99,-7,71,-120
61,-8,0,-99,-7,71,-120
61,-8,0,-99,-7,71,-120
61,-8,0,-99,-7,71,-120
61,-8,0,-99,-7,71,-120
61,-8,0,-99,-7,71,-120
61,-8,0,-99,-7,71,-120
61,-8,0,-99,-7,71,-120
61,-8,0,-99,-7,71,-120
61,-8,0,-99,-7,71,-120
61,-8,0,-99,-7,71,-120
61,-8,0,-99,-7,71,-120
61,-8,0,-99,-7,71,-120
61,-8,0,-99,-7,71,-120
61,-8,0,-99,-7,71,-120
61,-8,0,-99,-7,71,-120
61,-8,0,-99,-7,71,-120
61,-8,0,-99,-7,71,-120
61,-8,0,-99,-7,71,-120
61,-8,0,-99,-7,71,-120
61,-8,0,-99,-7,71,-120
61,-8,0,-99,-7,71,-120
61,-8,0,-99,-7,71,-120
61,-8,0,-99,-7,71,-120
61,-8,0,-99,-7,71,-120
62,-16,0,-97,-14,89,-80
62,-16,0,-97,-14,89,-80
62,-16,0,-97,-14,89,-80
62,-16,0,-97,-14,89,-80
62,-16,0,-97,-14,89,-80
62,-16,0,-97,-14,89,-80
62,-16,0,-97,-14,89,-80
62,-16,0,-97,-14,89,-80
62,-16,0,-97,-14,89,-80
62,-16,0,-97,-14,89,-80
62,-16,0,-97,-14,89,-80
62,-16,0,-97,-14,89,-80
62,-16,0,-97,-14,89,-80
62,-16,0,-97,-14,89,-80
62,-16,0,-97,-14,89,-80
62,-16,0,-97,-14,89,-80
62,-16,0,-97,-14,89,-80
62,-16,0,-97,-14,89,-80
62,-16,0,-97,-14,89,-80
62,-16,0,-97,-14,89,-80
62,-16,0,-97,-14,89,-80
62,-16,0,-97,-14,89,-80
62,-16,0,-97,-14,89,-80
62,-16,0,-97,-14,89,-80
62,-16,0,-97,-14,89,-80
62,-16,0,-97,-14,89,-80
62,-16,0,-97,-14,89,-80
62,-16,0,-97,-14,89,-80
62,-16,0,-97,-14,89,-80
62,-16,0,-97,-14,89,-80
62,-16,0,-97,-14,89,-80
62,-16,0,-97,-14,89,-80
62,-16,0,-97,-14,89,-80
62,-16,0,-97,-14,89,-80
62,-16,0,-97,-14,89,-80
62,-16,0,-97,-14,89,-80
62,-16,0,-97,-14,89,-80
62,-16,0,-97,-14,89,-80
62,-16,0,-97,-14,89,-80
62,-16,0,-97,-14,89,-80
62,-16,0,-97,-14,89,-80
62,-16,0,-97,-14,89,-80
62,-16,0,-97,-14,89,-80
62,-16,0,-97,-14,89,-80
62,-16,0,-97,-14,89,-80
62,-16,0,-97,-14,89,-80
62,-16,0,-97,-14,89,-80
62,-16,0,-97,-14,89,-80
62,-16,0,-97,-14,89,-80
62,-16,0,-97,-14,89,-80
62,-16,0,-97,-14,89,-80
62,-16,0,-97,-14,89,-80
62,-16,0,-97,-14,89,-80
62,-16,0,-97,-14,89,-80
62,-16,0,-97,-14,89,-80
62,-16,0,-97,-14,89,-80
62,-16,0,-97,-14,89,-80
62,-16,0,-97,-14,89,-80
62,-16,0,-97,-14,89,-80
62,-16,0,-97,-14,89,-80
62,-16,0,-97,-14,89,-80
62,-16,0,-97,-14,89,-80
62,-16,0,-97,-14,89,-80
62,-16,0,-97,-14,89,-80
62,-16,0,-97,-14,89,-80
62,-16,0,-97,-14,89,-80
62,-16,0,-97,-14,89,-80
62,-16,0,-97,-14,89,-80
62,-16,0,-97,-14,89,-80
62,-16,0,-97,-14,89,-80
62,-16,0,-97,-14,89,-80
62,-16,0,-97,-14,89,-80
63,-6,0,-99,-5,120,-40
63,-6,0,-99,-5,120,-40
63,-6,0,-99,-5,120,-40
63,-6,0,-99,-5,120,-40
63,-6,0,-99,-5,120,-40
63,-6,0,-99,-5,120,-40
63,-6,0,-99,-5,120,-40
63,-6,0,-99,-5,120,-40
63,-6,0,-99,-5,120,-40
63,-6,0,-99,-5,120,-40
63,-6,0,-99,-5,120,-40
63,-6,0,-99,-5,120,-40
63,-6,0,-99,-5,120,-40
63,-6,0,-99,-5,120,-40
63,-6,0,-99,-5,120,-40
63,-6,0,-99,-5,120,-40
63,-6,0,-99,-5,120,-40
63,-6,0,-99,-5,120,-40
63,-6,0,-99,-5,120,-40
63,-6,0,-99,-5,120,-40
63,-6,0,-99,-5,120,-40
63,-6,0,-99,-5,120,-40
63,-6,0,-99,-5,120,-40
63,-6,0,-99,-5,120,-40
63,-6,0,-99,-5,120,-40
63,-6,0,-99,-5,120,-40
63,-6,0,-99,-5,120,-40
63,-6,0,-99,-5,120,-40
63,-6,0,-99,-5,120,-40
63,-6,0,-99,-5,120,-40
63,-6,0,-99,-5,120,-40
63,-6,0,-99,-5,120,-40
63,-6,0,-99,-5,120,-40
63,-6,0,-99,-5,120,-40
63,-6,0,-99,-5,120,-40
63,-6,0,-99,-5,120,-40
63,-6,0,-99,-5,120,-40
63,-6,0,-99,-5,120,-40
63,-6,0,-99,-5,120,-40
63,-6,0,-99,-5,120,-40
63,-6,0,-99,-5,120,-40
63,-6,0,-99,-5,120,-40
63,-6,0,-99,-5,120,-40
63,-6,0,-99,-5,120,-40
63,-6,0,-99,-5,120,-40
63,-6,0,-99,-5,120,-40
63,-6,0,-99,-5,120,-40
63,-6,0,-99,-5,120,-40
63,-6,0,-99,-5,120,-40
63,-6,0,-99,-5,120,-40
63,-6,0,-99,-5,120,-40
63,-6,0,-99,-5,120,-40
63,-6,0,-99,-5,120,-40
63,-6,0,-99,-5,120,-40
63,-6,0,-99,-5,120,-40
63,-6,0,-99,-5,120,-40
63,-6,0,-99,-5,120,-40
63,-6,0,-99,-5,120,-40
63,-6,0,-99,-5,120,-40
63,-6,0,-99,-5,120,-40
63,-6,0,-99,-5,120,-40
63,-6,0,-99,-5,120,-40
63,-6,0,-99,-5,120,-40
63,-6,0,-99,-5,120,-40
63,-6,0,-99,-5,120,-40
63,-6,0,-99,-5,120,-40
63,-6,0,-99,-5,120,-40
63,-6,0,-99,-5,120,-40
63,-6,0,-99,-5,120,-40
63,-6,0,-99,-5,120,-40
64,7,0,-99,7,77,0
64,7,0,-99,7,77,0
64,7,0,-99,7,77,0
64,7,0,-99,7,77,0
64,7,0,-99,7,77,0
64,7,0,-99,7,77,0
64,7,0,-99,7,77,0
64,7,0,-99,7,77,0
64,7,0,-99,7,77,0
64,7,0,-99,7,77,0
64,7,0,-99,7,77,0
64,7,0,-99,7,77,0
64,7,0,-99,7,77,0
64,7,0,-99,7,77,0
64,7,0,-99,7,77,0
64,7,0,-99,7,77,0
64,7,0,-99,7,77,0
64,7,0,-99,7,77,0
64,7,0,-99,7,77,0
64,7,0,-99,7,77,0
64,7,0,-99,7,77,0
64,7,0,-99,7,77,0
64,7,0,-99,7,77,0
64,7,0,-99,7,77,0
64,7,0,-99,7,77,0
64,7,0,-99,7,77,0
64,7,0,-99,7,77,0
64,7,0,-99,7,77,0
64,7,0,-99,7,77,0
64,7,0,-99,7,77,0
64,7,0,-99,7,77,0
64,7,0,-99,7,77,0
64,7,0,-99,7,77,0
64,7,0,-99,7,77,0
64,7,0,-99,7,77,0
64,7,0,-99,7,77,0
65,9,1,-99,9,73,40
65,9,1,-99,9,73,40
65,9,1,-99,9,73,40
65,9,1,-99,9,73,40
65,9,1,-99,9,73,40
65,9,1,-99,9,73,40
65,9,1,-99,9,73,40
65,9,1,-99,9,73,40
65,9,1,-99,9,73,40
65,9,1,-99,9,73,40
65,9,1,-99,9,73,40
65,9,1,-99,9,73,40
65,9,1,-99,9,73,40
65,9,1,-99,9,73,40
65,9,1,-99,9,73,40
65,9,1,-99,9,73,40
65,9,1,-99,9,73,40
65,9,1,-99,9,73,40
65,9,1,-99,9,73,40
65,9,1,-99,9,73,40
65,9,1,-99,9,73,40
65,9,1,-99,9,73,40
65,9,1,-99,9,73,40
65,9,1,-99,9,73,40
66,13,0,-98,12,47,0
66,13,0,-98,12,47,0
66,13,0,-98,12,47,0
66,13,0,-98,12,47,0
66,13,0,-98,12,47,0
66,13,0,-98,12,47,0
66,13,0,-98,12,47,0
66,13,0,-98,12,47,0
66,13,0,-98,12,47,0
66,13,0,-98,12,47,0
66,13,0,-98,12,47,0
66,13,0,-98,12,47,0
66,13,0,-98,12,47,0
66,13,0,-98,12,47,0
66,13,0,-98,12,47,0
66,13,0,-98,12,47,0
66,13,0,-98,12,47,0
66,13,0,-98,12,47,0
66,13,0,-98,12,47,0
66,13,0,-98,12,47,0
66,13,0,-98,12,47,0
66,13,0,-98,12,47,0
66,13,0,-98,12,47,0
66,13,0,-98,12,47,0
66,13,0,-98,12,47,0
66,13,0,-98,12,47,0
66,13,0,-98,12,47,0
66,13,0,-98,12,47,0
66,13,0,-98,12,47,0
67,-10,0,-99,-9,113,40
67,-10,0,-99,-9,113,40
67,-10,0,-99,-9,113,40
67,-10,0,-99,-9,113,40
67,-10,0,-99,-9,113,40
67,-10,0,-99,-9,113,40
67,-10,0,-99,-9,113,40
67,-10,0,-99,-9,113,40
67,-10,0,-99,-9,113,40
67,-10,0,-99,-9,113,40
67,-10,0,-99,-9,113,40
67,-10,0,-99,-9,113,40
68,-19,0,-96,-17,39,80
68,-19,0,-96,-17,39,80
68,-19,0,-96,-17,39,80
68,-19,0,-96,-17,39,80
68,-19,0,-96,-17,39,80
68,-19,0,-96,-17,39,80
68,-19,0,-96,-17,39,80
68,-19,0,-96,-17,39,80
68,-19,0,-96,-17,39,80
68,-19,0,-96,-17,39,80
68,-19,0,-96,-17,39,80
68,-19,0,-96,-17,39,80
68,-19,0,-96,-17,39,80
68,-19,0,-96,-17,39,80
68,-19,0,-96,-17,39,80
68,-19,0,-96,-17,39,80
68,-19,0,-96,-17,39,80
68,-19,0,-96,-17,39,80
68,-19,0,-96,-17,39,80
68,-19,0,-96,-17,39,80
68,-19,0,-96,-17,39,80
68,-19,0,-96,-17,39,80
68,-19,0,-96,-17,39,80
68,-19,0,-96,-17,39,80
68,-19,0,-96,-17,39,80
68,-19,0,-96,-17,39,80
68,-19,0,-96,-17,39,80
68,-19,0,-96,-17,39,80
68,-19,0,-96,-17,39,80
68,-19,0,-96,-17,39,80
68,-19,0,-96,-17,39,80
68,-19,0,-96,-17,39,80
68,-19,0,-96,-17,39,80
68,-19,0,-96,-17,39,80
68,-19,0,-96,-17,39,80
68,-19,0,-96,-17,39,80
68,-19,0,-96,-17,39,80
68,-19,0,-96,-17,39,80
68,-19,0,-96,-17,39,80
68,-19,0,-96,-17,39,80
69,-8,0,-99,-7,112,120
69,-8,0,-99,-7,112,120
69,-8,0,-99,-7,112,120
69,-8,0,-99,-7,112,120
69,-8,0,-99,-7,112,120
69,-8,0,-99,-7,112,120
69,-8,0,-99,-7,112,120
69,-8,0,-99,-7,112,120
69,-8,0,-99,-7,112,120
69,-8,0,-99,-7,112,120
69,-8,0,-99,-7,112,120
69,-8,0,-99,-7,112,120
69,-8,0,-99,-7,112,120
69,-8,0,-99,-7,112,120
69,-8,0,-99,-7,112,120
69,-8,0,-99,-7,112,120
69,-8,0,-99,-7,112,120
69,-8,0,-99,-7,112,120
69,-8,0,-99,-7,112,120
69,-8,0,-99,-7,112,120
70,6,1,-99,6,21,160
70,6,1,-99,6,21,160
70,6,1,-99,6,21,160
70,6,1,-99,6,21,160
70,6,1,-99,6,21,160
70,6,1,-99,6,21,160
70,6,1,-99,6,21,160
70,6,1,-99,6,21,160
70,6,1,-99,6,21,160
70,6,1,-99,6,21,160
70,6,1,-99,6,21,160
70,6,1,-99,6,21,160
70,6,1,-99,6,21,160
70,6,1,-99,6,21,160
70,6,1,-99,6,21,160
70,6,1,-99,6,21,160
70,6,1,-99,6,21,160
70,6,1,-99,6,21,160
70,6,1,-99,6,21,160
70,6,1,-99,6,21,160
70,6,1,-99,6,21,160
70,6,1,-99,6,21,160
70,6,1,-99,6,21,160
70,6,1,-99,6,21,160
70,6,1,-99,6,21,160
70,6,1,-99,6,21,160
70,6,1,-99,6,21,160
70,6,1,-99,6,21,160
70,6,1,-99,6,21,160
70,6,1,-99,6,21,160
70,6,1,-99,6,21,160
70,6,1,-99,6,21,160
70,6,1,-99,6,21,160
70,6,1,-99,6,21,160
70,6,1,-99,6,21,160
71,21,0,-95,19,8,120
71,21,0,-95,19,8,120
71,21,0,-95,19,8,120
71,21,0,-95,19,8,120
71,21,0,-95,19,8,120
71,21,0,-95,19,8,120
71,21,0,-95,19,8,120
71,21,0,-95,19,8,120
71,21,0,-95,19,8,120
71,21,0,-95,19,8,120
71,21,0,-95,19,8,120
71,21,0,-95,19,8,120
71,21,0,-95,19,8,120
71,21,0,-95,19,8,120
71,21,0,-95,19,8,120
71,21,0,-95,19,8,120
71,21,0,-95,19,8,120
71,21,0,-95,19,8,120
71,21,0,-95,19,8,120
71,21,0,-95,19,8,120
71,21,0,-95,19,8,120
71,21,0,-95,19,8,120
71,21,0,-95,19,8,120
71,21,0,-95,19,8,120
72,0,0,-100,0,51,160
72,0,0,-100,0,51,160
72,0,0,-100,0,51,160
72,0,0,-100,0,51,160
72,0,0,-100,0,51,160
72,0,0,-100,0,51,160
72,0,0,-100,0,51,160
72,0,0,-100,0,51,160
72,0,0,-100,0,51,160
72,0,0,-100,0,51,160
72,0,0,-100,0,51,160
72,0,0,-100,0,51,160
72,0,0,-100,0,51,160
72,0,0,-100,0,51,160
72,0,0,-100,0,51,160
72,0,0,-100,0,51,160
72,0,0,-100,0,51,160
72,0,0,-100,0,51,160
72,0,0,-100,0,51,160
72,0,0,-100,0,51,160
72,0,0,-100,0,51,160
72,0,0,-100,0,51,160
72,0,0,-100,0,51,160
72,0,0,-100,0,51,160
72,0,0,-100,0,51,160
72,0,0,-100,0,51,160
72,0,0,-100,0,51,160
72,0,0,-100,0,51,160
72,0,0,-100,0,51,160
73,-17,0,-97,-15,67,200
73,-17,0,-97,-15,67,200
73,-17,0,-97,-15,67,200
73,-17,0,-97,-15,67,200
73,-17,0,-97,-15,67,200
73,-17,0,-97,-15,67,200
73,-17,0,-97,-15,67,200
73,-17,0,-97,-15,67,200
73,-17,0,-97,-15,67,200
73,-17,0,-97,-15,67,200
73,-17,0,-97,-15,67,200
73,-17,0,-97,-15,67,200
73,-17,0,-97,-15,67,200
73,-17,0,-97,-15,67,200
73,-17,0,-97,-15,67,200
73,-17,0,-97,-15,67,200
73,-17,0,-97,-15,67,200
73,-17,0,-97,-15,67,200
73,-17,0,-97,-15,67,200
73,-17,0,-97,-15,67,200
73,-17,0,-97,-15,67,200
73,-17,0,-97,-15,67,200
73,-17,0,-97,-15,67,200
73,-17,0,-97,-15,67,200
73,-17,0,-97,-15,67,200
73,-17,0,-97,-15,67,200
73,-17,0,-97,-15,67,200
73,-17,0,-97,-15,67,200
73,-17,0,-97,-15,67,200
73,-17,0,-97,-15,67,200
73,-17,0,-97,-15,67,200
73,-17,0,-97,-15,67,200
74,-14,1,-98,-12,55,240
74,-14,1,-98,-12,55,240
74,-14,1,-98,-12,55,240
74,-14,1,-98,-12,55,240
74,-14,1,-98,-12,55,240
74,-14,1,-98,-12,55,240
74,-14,1,-98,-12,55,240
74,-14,1,-98,-12,55,240
74,-14,1,-98,-12,55,240
74,-14,1,-98,-12,55,240
74,-14,1,-98,-12,55,240
74,-14,1,-98,-12,55,240
74,-14,1,-98,-12,55,240
74,-14,1,-98,-12,55,240
74,-14,1,-98,-12,55,240
74,-14,1,-98,-12,55,240
74,-14,1,-98,-12,55,240
74,-14,1,-98,-12,55,240
74,-14,1,-98,-12,55,240
74,-14,1,-98,-12,55,240
74,-14,1,-98,-12,55,240
74,-14,1,-98,-12,55,240
74,-14,1,-98,-12,55,240
74,-14,1,-98,-12,55,240
74,-14,1,-98,-12,55,240
74,-14,1,-98,-12,55,240
74,-14,1,-98,-12,55,240
74,-14,1,-98,-12,55,240
74,-14,1,-98,-12,55,240
74,-14,1,-98,-12,55,240
74,-14,1,-98,-12,55,240
74,-14,1,-98,-12,55,240
74,-14,1,-98,-12,55,240
75,12,1,-98,11,6,200
75,12,1,-98,11,6,200
75,12,1,-98,11,6,200
75,12,1,-98,11,6,200
75,12,1,-98,11,6,200
75,12,1,-98,11,6,200
75,12,1,-98,11,6,200
75,12,1,-98,11,6,200
75,12,1,-98,11,6,200
75,12,1,-98,11,6,200
75,12,1,-98,11,6,200
75,12,1,-98,11,6,200
75,12,1,-98,11,6,200
75,12,1,-98,11,6,200
75,12,1,-98,11,6,200
75,12,1,-98,11,6,200
75,12,1,-98,11,6,200
75,12,1,-98,11,6,200
75,12,1,-98,11,6,200
75,12,1,-98,11,6,200
76,18,0,-96,17,-3,160
76,18,0,-96,17,-3,160
76,18,0,-96,17,-3,160
76,18,0,-96,17,-3,160
76,18,0,-96,17,-3,160
76,18,0,-96,17,-3,160
76,18,0,-96,17,-3,160
76,18,0,-96,17,-3,160
76,18,0,-96,17,-3,160
76,18,0,-96,17,-3,160
76,18,0,-96,17,-3,160
76,18,0,-96,17,-3,160
76,18,0,-96,17,-3,160
76,18,0,-96,17,-3,160
76,18,0,-96,17,-3,160
76,18,0,-96,17,-3,160
76,18,0,-96,17,-3,160
76,18,0,-96,17,-3,160
76,18,0,-96,17,-3,160
76,18,0,-96,17,-3,160
76,18,0,-96,17,-3,160
76,18,0,-96,17,-3,160
76,18,0,-96,17,-3,160
76,18,0,-96,17,-3,160
76,18,0,-96,17,-3,160
76,18,0,-96,17,-3,160
76,18,0,-96,17,-3,160
76,18,0,-96,17,-3,160
76,18,0,-96,17,-3,160
76,18,0,-96,17,-3,160
76,18,0,-96,17,-3,160
76,18,0,-96,17,-3,160
76,18,0,-96,17,-3,160
76,18,0,-96,17,-3,160
76,18,0,-96,17,-3,160
76,18,0,-96,17,-3,160
77,-6,1,-99,-5,51,200
77,-6,1,-99,-5,51,200
77,-6,1,-99,-5,51,200
77,-6,1,-99,-5,51,200
77,-6,1,-99,-5,51,200
77,-6,1,-99,-5,51,200
77,-6,1,-99,-5,51,200
77,-6,1,-99,-5,51,200
77,-6,1,-99,-5,51,200
77,-6,1,-99,-5,51,200
77,-6,1,-99,-5,51,200
77,-6,1,-99,-5,51,200
77,-6,1,-99,-5,51,200
77,-6,1,-99,-5,51,200
77,-6,1,-99,-5,51,200
77,-6,1,-99,-5,51,200
77,-6,1,-99,-5,51,200
77,-6,1,-99,-5,51,200
77,-6,1,-99,-5,51,200
77,-6,1,-99,-5,51,200
77,-6,1,-99,-5,51,200
78,-10,1,-99,-9,0,160
78,-10,1,-99,-9,0,160
78,-10,1,-99,-9,0,160
78,-10,1,-99,-9,0,160
78,-10,1,-99,-9,0,160
78,-10,1,-99,-9,0,160
78,-10,1,-99,-9,0,160
78,-10,1,-99,-9,0,160
78,-10,1,-99,-9,0,160
78,-10,1,-99,-9,0,160
78,-10,1,-99,-9,0,160
78,-10,1,-99,-9,0,160
78,-10,1,-99,-9,0,160
78,-10,1,-99,-9,0,160
78,-10,1,-99,-9,0,160
78,-10,1,-99,-9,0,160
78,-10,1,-99,-9,0,160
78,-10,1,-99,-9,0,160
78,-10,1,-99,-9,0,160
78,-10,1,-99,-9,0,160
78,-10,1,-99,-9,0,160
78,-10,1,-99,-9,0,160
78,-10,1,-99,-9,0,160
78,-10,1,-99,-9,0,160
79,-5,0,-99,-4,-5,120
79,-5,0,-99,-4,-5,120
79,-5,0,-99,-4,-5,120
79,-5,0,-99,-4,-5,120
79,-5,0,-99,-4,-5,120
79,-5,0,-99,-4,-5,120
79,-5,0,-99,-4,-5,120
79,-5,0,-99,-4,-5,120
79,-5,0,-99,-4,-5,120
79,-5,0,-99,-4,-5,120
79,-5,0,-99,-4,-5,120
79,-5,0,-99,-4,-5,120
79,-5,0,-99,-4,-5,120
79,-5,0,-99,-4,-5,120
79,-5,0,-99,-4,-5,120
79,-5,0,-99,-4,-5,120
79,-5,0,-99,-4,-5,120
79,-5,0,-99,-4,-5,120
79,-5,0,-99,-4,-5,120
79,-5,0,-99,-4,-5,120
79,-5,0,-99,-4,-5,120
79,-5,0,-99,-4,-5,120
79,-5,0,-99,-4,-5,120
79,-5,0,-99,-4,-5,120
79,-5,0,-99,-4,-5,120
79,-5,0,-99,-4,-5,120
79,-5,0,-99,-4,-5,120
79,-5,0,-99,-4,-5,120
79,-5,0,-99,-4,-5,120
79,-5,0,-99,-4,-5,120
79,-5,0,-99,-4,-5,120
79,-5,0,-99,-4,-5,120
79,-5,0,-99,-4,-5,120
79,-5,0,-99,-4,-5,120
79,-5,0,-99,-4,-5,120
79,-5,0,-99,-4,-5,120
79,-5,0,-99,-4,-5,120
80,-8,1,-99,-7,124,160
80,-8,1,-99,-7,124,160
80,-8,1,-99,-7,124,160
80,-8,1,-99,-7,124,160
80,-8,1,-99,-7,124,160
80,-8,1,-99,-7,124,160
80,-8,1,-99,-7,124,160
80,-8,1,-99,-7,124,160
80,-8,1,-99,-7,124,160
80,-8,1,-99,-7,124,160
80,-8,1,-99,-7,124,160
80,-8,1,-99,-7,124,160
80,-8,1,-99,-7,124,160
80,-8,1,-99,-7,124,160
80,-8,1,-99,-7,124,160
80,-8,1,-99,-7,124,160
80,-8,1,-99,-7,124,160
80,-8,1,-99,-7,124,160
80,-8,1,-99,-7,124,160
80,-8,1,-99,-7,124,160
81,6,0,-99,6,-10,120
81,6,0,-99,6,-10,120
81,6,0,-99,6,-10,120
81,6,0,-99,6,-10,120
81,6,0,-99,6,-10,120
81,6,0,-99,6,-10,120
81,6,0,-99,6,-10,120
81,6,0,-99,6,-10,120
81,6,0,-99,6,-10,120
81,6,0,-99,6,-10,120
81,6,0,-99,6,-10,120
81,6,0,-99,6,-10,120
81,6,0,-99,6,-10,120
81,6,0,-99,6,-10,120
81,6,0,-99,6,-10,120
81,6,0,-99,6,-10,120
81,6,0,-99,6,-10,120
81,6,0,-99,6,-10,120
81,6,0,-99,6,-10,120
81,6,0,-99,6,-10,120
81,6,0,-99,6,-10,120
81,6,0,-99,6,-10,120
81,6,0,-99,6,-10,120
81,6,0,-99,6,-10,120
81,6,0,-99,6,-10,120
81,6,0,-99,6,-10,120
81,6,0,-99,6,-10,120
82,1,0,-99,1,111,160
82,1,0,-99,1,111,160
82,1,0,-99,1,111,160
82,1,0,-99,1,111,160
82,1,0,-99,1,111,160
82,1,0,-99,1,111,160
82,1,0,-99,1,111,160
82,1,0,-99,1,111,160
82,1,0,-99,1,111,160
82,1,0,-99,1,111,160
82,1,0,-99,1,111,160
82,1,0,-99,1,111,160
82,1,0,-99,1,111,160
82,1,0,-99,1,111,160
82,1,0,-99,1,111,160
82,1,0,-99,1,111,160
82,1,0,-99,1,111,160
82,1,0,-99,1,111,160
82,1,0,-99,1,111,160
82,1,0,-99,1,111,160
82,1,0,-99,1,111,160
82,1,0,-99,1,111,160
82,1,0,-99,1,111,160
82,1,0,-99,1,111,160
82,1,0,-99,1,111,160
82,1,0,-99,1,111,160
82,1,0,-99,1,111,160
83,-6,0,-99,-5,119,200
83,-6,0,-99,-5,119,200
83,-6,0,-99,-5,119,200
83,-6,0,-99,-5,119,200
83,-6,0,-99,-5,119,200
83,-6,0,-99,-5,119,200
83,-6,0,-99,-5,119,200
83,-6,0,-99,-5,119,200
83,-6,0,-99,-5,119,200
83,-6,0,-99,-5,119,200
83,-6,0,-99,-5,119,200
83,-6,0,-99,-5,119,200
83,-6,0,-99,-5,119,200
83,-6,0,-99,-5,119,200
83,-6,0,-99,-5,119,200
83,-6,0,-99,-5,119,200
83,-6,0,-99,-5,119,200
83,-6,0,-99,-5,119,200
83,-6,0,-99,-5,119,200
83,-6,0,-99,-5,119,200
83,-6,0,-99,-5,119,200
83,-6,0,-99,-5,119,200
83,-6,0,-99,-5,119,200
83,-6,0,-99,-5,119,200
83,-6,0,-99,-5,119,200
83,-6,0,-99,-5,119,200
83,-6,0,-99,-5,119,200
83,-6,0,-99,-5,119,200
83,-6,0,-99,-5,119,200
83,-6,0,-99,-5,119,200
84,-6,1,-99,-5,167,240
84,-6,1,-99,-5,167,240
84,-6,1,-99,-5,167,240
84,-6,1,-99,-5,167,240
84,-6,1,-99,-5,167,240
84,-6,1,-99,-5,167,240
84,-6,1,-99,-5,167,240
84,-6,1,-99,-5,167,240
84,-6,1,-99,-5,167,240
84,-6,1,-99,-5,167,240
84,-6,1,-99,-5,167,240
84,-6,1,-99,-5,167,240
84,-6,1,-99,-5,167,240
84,-6,1,-99,-5,167,240
84,-6,1,-99,-5,167,240
84,-6,1,-99,-5,167,240
84,-6,1,-99,-5,167,240
84,-6,1,-99,-5,167,240
84,-6,1,-99,-5,167,240
84,-6,1,-99,-5,167,240
84,-6,1,-99,-5,167,240
84,-6,1,-99,-5,167,240
84,-6,1,-99,-5,167,240
84,-6,1,-99,-5,167,240
84,-6,1,-99,-5,167,240
84,-6,1,-99,-5,167,240
85,9,0,-99,9,11,200
85,9,0,-99,9,11,200
85,9,0,-99,9,11,200
85,9,0,-99,9,11,200
85,9,0,-99,9,11,200
85,9,0,-99,9,11,200
85,9,0,-99,9,11,200
85,9,0,-99,9,11,200
85,9,0,-99,9,11,200
85,9,0,-99,9,11,200
85,9,0,-99,9,11,200
85,9,0,-99,9,11,200
85,9,0,-99,9,11,200
85,9,0,-99,9,11,200
85,9,0,-99,9,11,200
85,9,0,-99,9,11,200
85,9,0,-99,9,11,200
85,9,0,-99,9,11,200
85,9,0,-99,9,11,200
85,9,0,-99,9,11,200
85,9,0,-99,9,11,200
85,9,0,-99,9,11,200
85,9,0,-99,9,11,200
85,9,0,-99,9,11,200
85,9,0,-99,9,11,200
85,9,0,-99,9,11,200
85,9,0,-99,9,11,200
85,9,0,-99,9,11,200
85,9,0,-99,9,11,200
85,9,0,-99,9,11,200
85,9,0,-99,9,11,200
85,9,0,-99,9,11,200
85,9,0,-99,9,11,200
85,9,0,-99,9,11,200
86,0,0,-100,0,121,240
86,0,0,-100,0,121,240
86,0,0,-100,0,121,240
86,0,0,-100,0,121,240
86,0,0,-100,0,121,240
86,0,0,-100,0,121,240
86,0,0,-100,0,121,240
86,0,0,-100,0,121,240
86,0,0,-100,0,121,240
86,0,0,-100,0,121,240
86,0,0,-100,0,121,240
86,0,0,-100,0,121,240
86,0,0,-100,0,121,240
86,0,0,-100,0,121,240
86,0,0,-100,0,121,240
86,0,0,-100,0,121,240
86,0,0,-100,0,121,240
86,0,0,-100,0,121,240
86,0,0,-100,0,121,240
86,0,0,-100,0,121,240
86,0,0,-100,0,121,240
86,0,0,-100,0,121,240
86,0,0,-100,0,121,240
86,0,0,-100,0,121,240
86,0,0,-100,0,121,240
86,0,0,-100,0,121,240
86,0,0,-100,0,121,240
86,0,0,-100,0,121,240
86,0,0,-100,0,121,240
86,0,0,-100,0,121,240
86,0,0,-100,0,121,240
86,0,0,-100,0,121,240
86,0,0,-100,0,121,240
86,0,0,-100,0,121,240
87,-8,1,-99,-7,124,280
87,-8,1,-99,-7,124,280
87,-8,1,-99,-7,124,280
87,-8,1,-99,-7,124,280
87,-8,1,-99,-7,124,280
87,-8,1,-99,-7,124,280
87,-8,1,-99,-7,124,280
87,-8,1,-99,-7,124,280
87,-8,1,-99,-7,124,280
87,-8,1,-99,-7,124,280
87,-8,1,-99,-7,124,280
87,-8,1,-99,-7,124,280
87,-8,1,-99,-7,124,280
87,-8,1,-99,-7,124,280
87,-8,1,-99,-7,124,280
87,-8,1,-99,-7,124,280
87,-8,1,-99,-7,124,280
87,-8,1,-99,-7,124,280
87,-8,1,-99,-7,124,280
87,-8,1,-99,-7,124,280
87,-8,1,-99,-7,124,280
87,-8,1,-99,-7,124,280
87,-8,1,-99,-7,124,280
87,-8,1,-99,-7,124,280
87,-8,1,-99,-7,124,280
87,-8,1,-99,-7,124,280
87,-8,1,-99,-7,124,280
88,4,1,-99,4,13,240
88,4,1,-99,4,13,240
88,4,1,-99,4,13,240
88,4,1,-99,4,13,240
88,4,1,-99,4,13,240
88,4,1,-99,4,13,240
88,4,1,-99,4,13,240
88,4,1,-99,4,13,240
88,4,1,-99,4,13,240
88,4,1,-99,4,13,240
88,4,1,-99,4,13,240
88,4,1,-99,4,13,240
88,4,1,-99,4,13,240
88,4,1,-99,4,13,240
88,4,1,-99,4,13,240
88,4,1,-99,4,13,240
88,4,1,-99,4,13,240
88,4,1,-99,4,13,240
88,4,1,-99,4,13,240
88,4,1,-99,4,13,240
88,4,1,-99,4,13,240
88,4,1,-99,4,13,240
88,4,1,-99,4,13,240
88,4,1,-99,4,13,240
88,4,1,-99,4,13,240
88,4,1,-99,4,13,240
88,4,1,-99,4,13,240
88,4,1,-99,4,13,240
88,4,1,-99,4,13,240
89,7,0,-99,7,-5,200
89,7,0,-99,7,-5,200
89,7,0,-99,7,-5,200
89,7,0,-99,7,-5,200
89,7,0,-99,7,-5,200
89,7,0,-99,7,-5,200
89,7,0,-99,7,-5,200
89,7,0,-99,7,-5,200
89,7,0,-99,7,-5,200
89,7,0,-99,7,-5,200
89,7,0,-99,7,-5,200
89,7,0,-99,7,-5,200
89,7,0,-99,7,-5,200
89,7,0,-99,7,-5,200
89,7,0,-99,7,-5,200
89,7,0,-99,7,-5,200
89,7,0,-99,7,-5,200
89,7,0,-99,7,-5,200
89,7,0,-99,7,-5,200
89,7,0,-99,7,-5,200
89,7,0,-99,7,-5,200
89,7,0,-99,7,-5,200
89,7,0,-99,7,-5,200
89,7,0,-99,7,-5,200
89,7,0,-99,7,-5,200
90,-10,0,-99,-9,91,240
90,-10,0,-99,-9,91,240
90,-10,0,-99,-9,91,240
90,-10,0,-99,-9,91,240
90,-10,0,-99,-9,91,240
90,-10,0,-99,-9,91,240
90,-10,0,-99,-9,91,240
90,-10,0,-99,-9,91,240
90,-10,0,-99,-9,91,240
90,-10,0,-99,-9,91,240
90,-10,0,-99,-9,91,240
90,-10,0,-99,-9,91,240
90,-10,0,-99,-9,91,240
90,-10,0,-99,-9,91,240
90,-10,0,-99,-9,91,240
90,-10,0,-99,-9,91,240
90,-10,0,-99,-9,91,240
90,-10,0,-99,-9,91,240
90,-10,0,-99,-9,91,240
90,-10,0,-99,-9,91,240
90,-10,0,-99,-9,91,240
90,-10,0,-99,-9,91,240
90,-10,0,-99,-9,91,240
90,-10,0,-99,-9,91,240
90,-10,0,-99,-9,91,240
90,-10,0,-99,-9,91,240
90,-10,0,-99,-9,91,240
90,-10,0,-99,-9,91,240
90,-10,0,-99,-9,91,240
90,-10,0,-99,-9,91,240
90,-10,0,-99,-9,91,240
90,-10,0,-99,-9,91,240
90,-10,0,-99,-9,91,240
90,-10,0,-99,-9,91,240
90,-10,0,-99,-9,91,240
90,-10,0,-99,-9,91,240
90,-10,0,-99,-9,91,240
90,-10,0,-99,-9,91,240
91,-14,0,-98,-12,142,280
91,-14,0,-98,-12,142,280
91,-14,0,-98,-12,142,280
91,-14,0,-98,-12,142,280
91,-14,0,-98,-12,142,280
91,-14,0,-98,-12,142,280
91,-14,0,-98,-12,142,280
91,-14,0,-98,-12,142,280
91,-14,0,-98,-12,142,280
91,-14,0,-98,-12,142,280
91,-14,0,-98,-12,142,280
91,-14,0,-98,-12,142,280
91,-14,0,-98,-12,142,280
91,-14,0,-98,-12,142,280
91,-14,0,-98,-12,142,280
91,-14,0,-98,-12,142,280
91,-14,0,-98,-12,142,280
91,-14,0,-98,-12,142,280
91,-14,0,-98,-12,142,280
91,-14,0,-98,-12,142,280
91,-14,0,-98,-12,142,280
91,-14,0,-98,-12,142,280
91,-14,0,-98,-12,142,280
91,-14,0,-98,-12,142,280
91,-14,0,-98,-12,142,280
91,-14,0,-98,-12,142,280
91,-14,0,-98,-12,142,280
91,-14,0,-98,-12,142,280
91,-14,0,-98,-12,142,280
91,-14,0,-98,-12,142,280
91,-14,0,-98,-12,142,280
91,-14,0,-98,-12,142,280
91,-14,0,-98,-12,142,280
91,-14,0,-98,-12,142,280
91,-14,0,-98,-12,142,280
92,-4,0,-99,-3,150,320
92,-4,0,-99,-3,150,320
92,-4,0,-99,-3,150,320
92,-4,0,-99,-3,150,320
92,-4,0,-99,-3,150,320
92,-4,0,-99,-3,150,320
92,-4,0,-99,-3,150,320
92,-4,0,-99,-3,150,320
92,-4,0,-99,-3,150,320
92,-4,0,-99,-3,150,320
92,-4,0,-99,-3,150,320
92,-4,0,-99,-3,150,320
92,-4,0,-99,-3,150,320
92,-4,0,-99,-3,150,320
92,-4,0,-99,-3,150,320
92,-4,0,-99,-3,150,320
92,-4,0,-99,-3,150,320
92,-4,0,-99,-3,150,320
92,-4,0,-99,-3,150,320
92,-4,0,-99,-3,150,320
92,-4,0,-99,-3,150,320
92,-4,0,-99,-3,150,320
92,-4,0,-99,-3,150,320
92,-4,0,-99,-3,150,320
92,-4,0,-99,-3,150,320
92,-4,0,-99,-3,150,320
92,-4,0,-99,-3,150,320
92,-4,0,-99,-3,150,320
92,-4,0,-99,-3,150,320
92,-4,0,-99,-3,150,320
92,-4,0,-99,-3,150,320
92,-4,0,-99,-3,150,320
92,-4,0,-99,-3,150,320
92,-4,0,-99,-3,150,320
92,-4,0,-99,-3,150,320
92,-4,0,-99,-3,150,320
92,-4,0,-99,-3,150,320
92,-4,0,-99,-3,150,320
92,-4,0,-99,-3,150,320
93,7,1,-99,7,145,360
93,7,1,-99,7,145,360
93,7,1,-99,7,145,360
93,7,1,-99,7,145,360
93,7,1,-99,7,145,360
93,7,1,-99,7,145,360
93,7,1,-99,7,145,360
93,7,1,-99,7,145,360
93,7,1,-99,7,145,360
93,7,1,-99,7,145,360
93,7,1,-99,7,145,360
93,7,1,-99,7,145,360
93,7,1,-99,7,145,360
93,7,1,-99,7,145,360
93,7,1,-99,7,145,360
93,7,1,-99,7,145,360
93,7,1,-99,7,145,360
93,7,1,-99,7,145,360
93,7,1,-99,7,145,360
94,18,1,-96,17,-4,320
94,18,1,-96,17,-4,320
94,18,1,-96,17,-4,320
94,18,1,-96,17,-4,320
94,18,1,-96,17,-4,320
94,18,1,-96,17,-4,320
94,18,1,-96,17,-4,320
94,18,1,-96,17,-4,320
94,18,1,-96,17,-4,320
94,18,1,-96,17,-4,320
94,18,1,-96,17,-4,320
94,18,1,-96,17,-4,320
94,18,1,-96,17,-4,320
94,18,1,-96,17,-4,320
94,18,1,-96,17,-4,320
94,18,1,-96,17,-4,320
94,18,1,-96,17,-4,320
94,18,1,-96,17,-4,320
94,18,1,-96,17,-4,320
94,18,1,-96,17,-4,320
94,18,1,-96,17,-4,320
94,18,1,-96,17,-4,320
94,18,1,-96,17,-4,320
94,18,1,-96,17,-4,320
94,18,1,-96,17,-4,320
94,18,1,-96,17,-4,320
94,18,1,-96,17,-4,320
94,18,1,-96,17,-4,320
94,18,1,-96,17,-4,320
94,18,1,-96,17,-4,320
94,18,1,-96,17,-4,320
94,18,1,-96,17,-4,320
94,18,1,-96,17,-4,320
94,18,1,-96,17,-4,320
94,18,1,-96,17,-4,320
94,18,1,-96,17,-4,320
95,7,1,-99,7,8,280
95,7,1,-99,7,8,280
95,7,1,-99,7,8,280
95,7,1,-99,7,8,280
95,7,1,-99,7,8,280
95,7,1,-99,7,8,280
95,7,1,-99,7,8,280
95,7,1,-99,7,8,280
95,7,1,-99,7,8,280
95,7,1,-99,7,8,280
95,7,1,-99,7,8,280
95,7,1,-99,7,8,280
95,7,1,-99,7,8,280
95,7,1,-99,7,8,280
95,7,1,-99,7,8,280
95,7,1,-99,7,8,280
95,7,1,-99,7,8,280
95,7,1,-99,7,8,280
95,7,1,-99,7,8,280
95,7,1,-99,7,8,280
95,7,1,-99,7,8,280
95,7,1,-99,7,8,280
95,7,1,-99,7,8,280
95,7,1,-99,7,8,280
95,7,1,-99,7,8,280
95,7,1,-99,7,8,280
95,7,1,-99,7,8,280
95,7,1,-99,7,8,280
95,7,1,-99,7,8,280
95,7,1,-99,7,8,280
95,7,1,-99,7,8,280
95,7,1,-99,7,8,280
95,7,1,-99,7,8,280
95,7,1,-99,7,8,280
96,-10,1,-99,-9,0,240
96,-10,1,-99,-9,0,240
96,-10,1,-99,-9,0,240
96,-10,1,-99,-9,0,240
96,-10,1,-99,-9,0,240
96,-10,1,-99,-9,0,240
96,-10,1,-99,-9,0,240
96,-10,1,-99,-9,0,240
96,-10,1,-99,-9,0,240
96,-10,1,-99,-9,0,240
96,-10,1,-99,-9,0,240
96,-10,1,-99,-9,0,240
96,-10,1,-99,-9,0,240
96,-10,1,-99,-9,0,240
96,-10,1,-99,-9,0,240
96,-10,1,-99,-9,0,240
96,-10,1,-99,-9,0,240
96,-10,1,-99,-9,0,240
96,-10,1,-99,-9,0,240
96,-10,1,-99,-9,0,240
96,-10,1,-99,-9,0,240
96,-10,1,-99,-9,0,240
96,-10,1,-99,-9,0,240
96,-10,1,-99,-9,0,240
96,-10,1,-99,-9,0,240
96,-10,1,-99,-9,0,240
97,-16,0,-97,-14,-17,200
97,-16,0,-97,-14,-17,200
97,-16,0,-97,-14,-17,200
97,-16,0,-97,-14,-17,200
97,-16,0,-97,-14,-17,200
97,-16,0,-97,-14,-17,200
97,-16,0,-97,-14,-17,200
97,-16,0,-97,-14,-17,200
97,-16,0,-97,-14,-17,200
97,-16,0,-97,-14,-17,200
97,-16,0,-97,-14,-17,200
97,-16,0,-97,-14,-17,200
97,-16,0,-97,-14,-17,200
97,-16,0,-97,-14,-17,200
97,-16,0,-97,-14,-17,200
97,-16,0,-97,-14,-17,200
97,-16,0,-97,-14,-17,200
97,-16,0,-97,-14,-17,200
97,-16,0,-97,-14,-17,200
97,-16,0,-97,-14,-17,200
97,-16,0,-97,-14,-17,200
97,-16,0,-97,-14,-17,200
97,-16,0,-97,-14,-17,200
97,-16,0,-97,-14,-17,200
97,-16,0,-97,-14,-17,200
97,-16,0,-97,-14,-17,200
97,-16,0,-97,-14,-17,200
97,-16,0,-97,-14,-17,200
97,-16,0,-97,-14,-17,200
97,-16,0,-97,-14,-17,200
97,-16,0,-97,-14,-17,200
98,-17,1,-97,-15,69,240
98,-17,1,-97,-15,69,240
98,-17,1,-97,-15,69,240
98,-17,1,-97,-15,69,240
98,-17,1,-97,-15,69,240
98,-17,1,-97,-15,69,240
98,-17,1,-97,-15,69,240
98,-17,1,-97,-15,69,240
98,-17,1,-97,-15,69,240
98,-17,1,-97,-15,69,240
98,-17,1,-97,-15,69,240
98,-17,1,-97,-15,69,240
98,-17,1,-97,-15,69,240
98,-17,1,-97,-15,69,240
98,-17,1,-97,-15,69,240
98,-17,1,-97,-15,69,240
98,-17,1,-97,-15,69,240
98,-17,1,-97,-15,69,240
98,-17,1,-97,-15,69,240
98,-17,1,-97,-15,69,240
98,-17,1,-97,-15,69,240
98,-17,1,-97,-15,69,240
98,-17,1,-97,-15,69,240
98,-17,1,-97,-15,69,240
98,-17,1,-97,-15,69,240
98,-17,1,-97,-15,69,240
98,-17,1,-97,-15,69,240
98,-17,1,-97,-15,69,240
98,-17,1,-97,-15,69,240
98,-17,1,-97,-15,69,240
98,-17,1,-97,-15,69,240
98,-17,1,-97,-15,69,240
98,-17,1,-97,-15,69,240
98,-17,1,-97,-15,69,240
98,-17,1,-97,-15,69,240
99,8,0,-99,8,5,200
99,8,0,-99,8,5,200
99,8,0,-99,8,5,200
99,8,0,-99,8,5,200
99,8,0,-99,8,5,200
99,8,0,-99,8,5,200
99,8,0,-99,8,5,200
99,8,0,-99,8,5,200
99,8,0,-99,8,5,200
99,8,0,-99,8,5,200
99,8,0,-99,8,5,200
99,8,0,-99,8,5,200
99,8,0,-99,8,5,200
99,8,0,-99,8,5,200
99,8,0,-99,8,5,200
99,8,0,-99,8,5,200
99,8,0,-99,8,5,200
99,8,0,-99,8,5,200
99,8,0,-99,8,5,200
99,8,0,-99,8,5,200
99,8,0,-99,8,5,200
99,8,0,-99,8,5,200
99,8,0,-99,8,5,200
99,8,0,-99,8,5,200
99,8,0,-99,8,5,200
99,8,0,-99,8,5,200
99,8,0,-99,8,5,200
99,8,0,-99,8,5,200
99,8,0,-99,8,5,200
99,8,0,-99,8,5,200
99,8,0,-99,8,5,200
99,8,0,-99,8,5,200
99,8,0,-99,8,5,200
99,8,0,-99,8,5,200
100,7,0,-99,7,121,240
100,7,0,-99,7,121,240
100,7,0,-99,7,121,240
100,7,0,-99,7,121,240
100,7,0,-99,7,121,240
100,7,0,-99,7,121,240
100,7,0,-99,7,121,240
100,7,0,-99,7,121,240
100,7,0,-99,7,121,240
100,7,0,-99,7,121,240
100,7,0,-99,7,121,240
100,7,0,-99,7,121,240
100,7,0,-99,7,121,240
100,7,0,-99,7,121,240
100,7,0,-99,7,121,240
100,7,0,-99,7,121,240
100,7,0,-99,7,121,240
100,7,0,-99,7,121,240
100,7,0,-99,7,121,240
101,0,1,-100,0,60,280
101,0,1,-100,0,60,280
101,0,1,-100,0,60,280
101,0,1,-100,0,60,280
101,0,1,-100,0,60,280
101,0,1,-100,0,60,280
101,0,1,-100,0,60,280
101,0,1,-100,0,60,280
101,0,1,-100,0,60,280
101,0,1,-100,0,60,280
101,0,1,-100,0,60,280
101,0,1,-100,0,60,280
101,0,1,-100,0,60,280
101,0,1,-100,0,60,280
101,0,1,-100,0,60,280
101,0,1,-100,0,60,280
101,0,1,-100,0,60,280
101,0,1,-100,0,60,280
101,0,1,-100,0,60,280
101,0,1,-100,0,60,280
101,0,1,-100,0,60,280
101,0,1,-100,0,60,280
101,0,1,-100,0,60,280
101,0,1,-100,0,60,280
101,0,1,-100,0,60,280
101,0,1,-100,0,60,280
101,0,1,-100,0,60,280
101,0,1,-100,0,60,280
101,0,1,-100,0,60,280
101,0,1,-100,0,60,280
101,0,1,-100,0,60,280
101,0,1,-100,0,60,280
101,0,1,-100,0,60,280
101,0,1,-100,0,60,280
102,3,1,-99,3,13,240
102,3,1,-99,3,13,240
102,3,1,-99,3,13,240
102,3,1,-99,3,13,240
102,3,1,-99,3,13,240
102,3,1,-99,3,13,240
102,3,1,-99,3,13,240
102,3,1,-99,3,13,240
102,3,1,-99,3,13,240
102,3,1,-99,3,13,240
102,3,1,-99,3,13,240
102,3,1,-99,3,13,240
102,3,1,-99,3,13,240
102,3,1,-99,3,13,240
102,3,1,-99,3,13,240
102,3,1,-99,3,13,240
102,3,1,-99,3,13,240
102,3,1,-99,3,13,240
102,3,1,-99,3,13,240
102,3,1,-99,3,13,240
102,3,1,-99,3,13,240
102,3,1,-99,3,13,240
102,3,1,-99,3,13,240
102,3,1,-99,3,13,240
102,3,1,-99,3,13,240
102,3,1,-99,3,13,240
102,3,1,-99,3,13,240
102,3,1,-99,3,13,240
102,3,1,-99,3,13,240
102,3,1,-99,3,13,240
102,3,1,-99,3,13,240
102,3,1,-99,3,13,240
102,3,1,-99,3,13,240
103,1,1,-99,1,14,200
103,1,1,-99,1,14,200
103,1,1,-99,1,14,200
103,1,1,-99,1,14,200
103,1,1,-99,1,14,200
103,1,1,-99,1,14,200
103,1,1,-99,1,14,200
103,1,1,-99,1,14,200
103,1,1,-99,1,14,200
103,1,1,-99,1,14,200
103,1,1,-99,1,14,200
103,1,1,-99,1,14,200
103,1,1,-99,1,14,200
103,1,1,-99,1,14,200
103,1,1,-99,1,14,200
103,1,1,-99,1,14,200
103,1,1,-99,1,14,200
103,1,1,-99,1,14,200
103,1,1,-99,1,14,200
103,1,1,-99,1,14,200
103,1,1,-99,1,14,200
103,1,1,-99,1,14,200
103,1,1,-99,1,14,200
103,1,1,-99,1,14,200
103,1,1,-99,1,14,200
103,1,1,-99,1,14,200
103,1,1,-99,1,14,200
103,1,1,-99,1,14,200
103,1,1,-99,1,14,200
103,1,1,-99,1,14,200
103,1,1,-99,1,14,200
103,1,1,-99,1,14,200
104,-4,1,-99,-3,0,160
104,-4,1,-99,-3,0,160
104,-4,1,-99,-3,0,160
104,-4,1,-99,-3,0,160
104,-4,1,-99,-3,0,160
104,-4,1,-99,-3,0,160
104,-4,1,-99,-3,0,160
104,-4,1,-99,-3,0,160
104,-4,1,-99,-3,0,160
104,-4,1,-99,-3,0,160
104,-4,1,-99,-3,0,160
104,-4,1,-99,-3,0,160
104,-4,1,-99,-3,0,160
104,-4,1,-99,-3,0,160
104,-4,1,-99,-3,0,160
104,-4,1,-99,-3,0,160
104,-4,1,-99,-3,0,160
104,-4,1,-99,-3,0,160
104,-4,1,-99,-3,0,160
104,-4,1,-99,-3,0,160
104,-4,1,-99,-3,0,160
104,-4,1,-99,-3,0,160
104,-4,1,-99,-3,0,160
104,-4,1,-99,-3,0,160
104,-4,1,-99,-3,0,160
104,-4,1,-99,-3,0,160
105,-6,0,-99,-5,-6,120
105,-6,0,-99,-5,-6,120
105,-6,0,-99,-5,-6,120
105,-6,0,-99,-5,-6,120
105,-6,0,-99,-5,-6,120
105,-6,0,-99,-5,-6,120
105,-6,0,-99,-5,-6,120
105,-6,0,-99,-5,-6,120
105,-6,0,-99,-5,-6,120
105,-6,0,-99,-5,-6,120
105,-6,0,-99,-5,-6,120
105,-6,0,-99,-5,-6,120
105,-6,0,-99,-5,-6,120
105,-6,0,-99,-5,-6,120
105,-6,0,-99,-5,-6,120
105,-6,0,-99,-5,-6,120
105,-6,0,-99,-5,-6,120
105,-6,0,-99,-5,-6,120
105,-6,0,-99,-5,-6,120
105,-6,0,-99,-5,-6,120
105,-6,0,-99,-5,-6,120
105,-6,0,-99,-5,-6,120
105,-6,0,-99,-5,-6,120
105,-6,0,-99,-5,-6,120
105,-6,0,-99,-5,-6,120
105,-6,0,-99,-5,-6,120
105,-6,0,-99,-5,-6,120
105,-6,0,-99,-5,-6,120
105,-6,0,-99,-5,-6,120
105,-6,0,-99,-5,-6,120
105,-6,0,-99,-5,-6,120
105,-6,0,-99,-5,-6,120
105,-6,0,-99,-5,-6,120
105,-6,0,-99,-5,-6,120
105,-6,0,-99,-5,-6,120
105,-6,0,-99,-5,-6,120
105,-6,0,-99,-5,-6,120
105,-6,0,-99,-5,-6,120
105,-6,0,-99,-5,-6,120
106,-14,1,-98,-12,113,160
106,-14,1,-98,-12,113,160
106,-14,1,-98,-12,113,160
106,-14,1,-98,-12,113,160
106,-14,1,-98,-12,113,160
106,-14,1,-98,-12,113,160
106,-14,1,-98,-12,113,160
106,-14,1,-98,-12,113,160
106,-14,1,-98,-12,113,160
106,-14,1,-98,-12,113,160
106,-14,1,-98,-12,113,160
106,-14,1,-98,-12,113,160
106,-14,1,-98,-12,113,160
106,-14,1,-98,-12,113,160
106,-14,1,-98,-12,113,160
106,-14,1,-98,-12,113,160
106,-14,1,-98,-12,113,160
106,-14,1,-98,-12,113,160
106,-14,1,-98,-12,113,160
106,-14,1,-98,-12,113,160
106,-14,1,-98,-12,113,160
106,-14,1,-98,-12,113,160
106,-14,1,-98,-12,113,160
106,-14,1,-98,-12,113,160
106,-14,1,-98,-12,113,160
106,-14,1,-98,-12,113,160
106,-14,1,-98,-12,113,160
106,-14,1,-98,-12,113,160
106,-14,1,-98,-12,113,160
106,-14,1,-98,-12,113,160
106,-14,1,-98,-12,113,160
106,-14,1,-98,-12,113,160
106,-14,1,-98,-12,113,160
106,-14,1,-98,-12,113,160
107,3,0,-99,3,9,120
107,3,0,-99,3,9,120
107,3,0,-99,3,9,120
107,3,0,-99,3,9,120
107,3,0,-99,3,9,120
107,3,0,-99,3,9,120
107,3,0,-99,3,9,120
107,3,0,-99,3,9,120
107,3,0,-99,3,9,120
107,3,0,-99,3,9,120
107,3,0,-99,3,9,120
107,3,0,-99,3,9,120
107,3,0,-99,3,9,120
107,3,0,-99,3,9,120
107,3,0,-99,3,9,120
107,3,0,-99,3,9,120
107,3,0,-99,3,9,120
107,3,0,-99,3,9,120
107,3,0,-99,3,9,120
107,3,0,-99,3,9,120
107,3,0,-99,3,9,120
107,3,0,-99,3,9,120
107,3,0,-99,3,9,120
107,3,0,-99,3,9,120
107,3,0,-99,3,9,120
107,3,0,-99,3,9,120
107,3,0,-99,3,9,120
107,3,0,-99,3,9,120
107,3,0,-99,3,9,120
107,3,0,-99,3,9,120
107,3,0,-99,3,9,120
107,3,0,-99,3,9,120
107,3,0,-99,3,9,120
107,3,0,-99,3,9,120
107,3,0,-99,3,9,120
107,3,0,-99,3,9,120
107,3,0,-99,3,9,120
107,3,0,-99,3,9,120
107,3,0,-99,3,9,120
108,1,0,-99,1,103,160
108,1,0,-99,1,103,160
108,1,0,-99,1,103,160
108,1,0,-99,1,103,160
108,1,0,-99,1,103,160
108,1,0,-99,1,103,160
108,1,0,-99,1,103,160
108,1,0,-99,1,103,160
108,1,0,-99,1,103,160
108,1,0,-99,1,103,160
108,1,0,-99,1,103,160
108,1,0,-99,1,103,160
108,1,0,-99,1,103,160
108,1,0,-99,1,103,160
108,1,0,-99,1,103,160
108,1,0,-99,1,103,160
108,1,0,-99,1,103,160
108,1,0,-99,1,103,160
108,1,0,-99,1,103,160
108,1,0,-99,1,103,160
108,1,0,-99,1,103,160
108,1,0,-99,1,103,160
108,1,0,-99,1,103,160
108,1,0,-99,1,103,160
108,1,0,-99,1,103,160
108,1,0,-99,1,103,160
108,1,0,-99,1,103,160
108,1,0,-99,1,103,160
108,1,0,-99,1,103,160
108,1,0,-99,1,103,160
108,1,0,-99,1,103,160
109,-2,0,-99,-1,111,200
109,-2,0,-99,-1,111,200
109,-2,0,-99,-1,111,200
109,-2,0,-99,-1,111,200
109,-2,0,-99,-1,111,200
109,-2,0,-99,-1,111,200
109,-2,0,-99,-1,111,200
109,-2,0,-99,-1,111,200
109,-2,0,-99,-1,111,200
109,-2,0,-99,-1,111,200
109,-2,0,-99,-1,111,200
109,-2,0,-99,-1,111,200
109,-2,0,-99,-1,111,200
109,-2,0,-99,-1,111,200
109,-2,0,-99,-1,111,200
109,-2,0,-99,-1,111,200
109,-2,0,-99,-1,111,200
109,-2,0,-99,-1,111,200
109,-2,0,-99,-1,111,200
109,-2,0,-99,-1,111,200
109,-2,0,-99,-1,111,200
109,-2,0,-99,-1,111,200
109,-2,0,-99,-1,111,200
109,-2,0,-99,-1,111,200
109,-2,0,-99,-1,111,200
109,-2,0,-99,-1,111,200
109,-2,0,-99,-1,111,200
109,-2,0,-99,-1,111,200
109,-2,0,-99,-1,111,200
109,-2,0,-99,-1,111,200
109,-2,0,-99,-1,111,200
109,-2,0,-99,-1,111,200
109,-2,0,-99,-1,111,200
109,-2,0,-99,-1,111,200
110,-3,1,-99,-2,95,240
110,-3,1,-99,-2,95,240
110,-3,1,-99,-2,95,240
110,-3,1,-99,-2,95,240
110,-3,1,-99,-2,95,240
110,-3,1,-99,-2,95,240
110,-3,1,-99,-2,95,240
110,-3,1,-99,-2,95,240
110,-3,1,-99,-2,95,240
110,-3,1,-99,-2,95,240
110,-3,1,-99,-2,95,240
110,-3,1,-99,-2,95,240
110,-3,1,-99,-2,95,240
110,-3,1,-99,-2,95,240
110,-3,1,-99,-2,95,240
110,-3,1,-99,-2,95,240
110,-3,1,-99,-2,95,240
110,-3,1,-99,-2,95,240
110,-3,1,-99,-2,95,240
110,-3,1,-99,-2,95,240
110,-3,1,-99,-2,95,240
110,-3,1,-99,-2,95,240
110,-3,1,-99,-2,95,240
110,-3,1,-99,-2,95,240
110,-3,1,-99,-2,95,240
110,-3,1,-99,-2,95,240
110,-3,1,-99,-2,95,240
110,-3,1,-99,-2,95,240
110,-3,1,-99,-2,95,240
110,-3,1,-99,-2,95,240
110,-3,1,-99,-2,95,240
110,-3,1,-99,-2,95,240
110,-3,1,-99,-2,95,240
110,-3,1,-99,-2,95,240
110,-3,1,-99,-2,95,240
111,9,1,-99,9,1,200
111,9,1,-99,9,1,200
111,9,1,-99,9,1,200
111,9,1,-99,9,1,200
111,9,1,-99,9,1,200
111,9,1,-99,9,1,200
111,9,1,-99,9,1,200
111,9,1,-99,9,1,200
111,9,1,-99,9,1,200
111,9,1,-99,9,1,200
111,9,1,-99,9,1,200
111,9,1,-99,9,1,200
111,9,1,-99,9,1,200
111,9,1,-99,9,1,200
111,9,1,-99,9,1,200
111,9,1,-99,9,1,200
111,9,1,-99,9,1,200
111,9,1,-99,9,1,200
111,9,1,-99,9,1,200
111,9,1,-99,9,1,200
111,9,1,-99,9,1,200
111,9,1,-99,9,1,200
111,9,1,-99,9,1,200
111,9,1,-99,9,1,200
111,9,1,-99,9,1,200
111,9,1,-99,9,1,200
111,9,1,-99,9,1,200
111,9,1,-99,9,1,200
111,9,1,-99,9,1,200
111,9,1,-99,9,1,200
112,7,1,-99,7,-2,160
112,7,1,-99,7,-2,160
112,7,1,-99,7,-2,160
112,7,1,-99,7,-2,160
112,7,1,-99,7,-2,160
112,7,1,-99,7,-2,160
112,7,1,-99,7,-2,160
112,7,1,-99,7,-2,160
112,7,1,-99,7,-2,160
112,7,1,-99,7,-2,160
112,7,1,-99,7,-2,160
112,7,1,-99,7,-2,160
112,7,1,-99,7,-2,160
112,7,1,-99,7,-2,160
112,7,1,-99,7,-2,160
112,7,1,-99,7,-2,160
112,7,1,-99,7,-2,160
112,7,1,-99,7,-2,160
112,7,1,-99,7,-2,160
112,7,1,-99,7,-2,160
112,7,1,-99,7,-2,160
112,7,1,-99,7,-2,160
112,7,1,-99,7,-2,160
112,7,1,-99,7,-2,160
112,7,1,-99,7,-2,160
112,7,1,-99,7,-2,160
112,7,1,-99,7,-2,160
112,7,1,-99,7,-2,160
112,7,1,-99,7,-2,160
112,7,1,-99,7,-2,160
112,7,1,-99,7,-2,160
112,7,1,-99,7,-2,160
112,7,1,-99,7,-2,160
112,7,1,-99,7,-2,160
112,7,1,-99,7,-2,160
113,-4,0,-99,-3,2,120
113,-4,0,-99,-3,2,120
113,-4,0,-99,-3,2,120
113,-4,0,-99,-3,2,120
113,-4,0,-99,-3,2,120
113,-4,0,-99,-3,2,120
113,-4,0,-99,-3,2,120
113,-4,0,-99,-3,2,120
113,-4,0,-99,-3,2,120
113,-4,0,-99,-3,2,120
113,-4,0,-99,-3,2,120
113,-4,0,-99,-3,2,120
113,-4,0,-99,-3,2,120
113,-4,0,-99,-3,2,120
113,-4,0,-99,-3,2,120
113,-4,0,-99,-3,2,120
113,-4,0,-99,-3,2,120
113,-4,0,-99,-3,2,120
113,-4,0,-99,-3,2,120
113,-4,0,-99,-3,2,120
113,-4,0,-99,-3,2,120
113,-4,0,-99,-3,2,120
113,-4,0,-99,-3,2,120
113,-4,0,-99,-3,2,120
113,-4,0,-99,-3,2,120
113,-4,0,-99,-3,2,120
113,-4,0,-99,-3,2,120
113,-4,0,-99,-3,2,120
113,-4,0,-99,-3,2,120
113,-4,0,-99,-3,2,120
113,-4,0,-99,-3,2,120
113,-4,0,-99,-3,2,120
113,-4,0,-99,-3,2,120
113,-4,0,-99,-3,2,120
114,-22,1,-95,-19,65,160
114,-22,1,-95,-19,65,160
114,-22,1,-95,-19,65,160
114,-22,1,-95,-19,65,160
114,-22,1,-95,-19,65,160
114,-22,1,-95,-19,65,160
114,-22,1,-95,-19,65,160
114,-22,1,-95,-19,65,160
114,-22,1,-95,-19,65,160
114,-22,1,-95,-19,65,160
114,-22,1,-95,-19,65,160
114,-22,1,-95,-19,65,160
114,-22,1,-95,-19,65,160
114,-22,1,-95,-19,65,160
114,-22,1,-95,-19,65,160
114,-22,1,-95,-19,65,160
114,-22,1,-95,-19,65,160
114,-22,1,-95,-19,65,160
114,-22,1,-95,-19,65,160
114,-22,1,-95,-19,65,160
114,-22,1,-95,-19,65,160
114,-22,1,-95,-19,65,160
114,-22,1,-95,-19,65,160
114,-22,1,-95,-19,65,160
115,-5,1,-99,-4,6,120
115,-5,1,-99,-4,6,120
115,-5,1,-99,-4,6,120
115,-5,1,-99,-4,6,120
115,-5,1,-99,-4,6,120
115,-5,1,-99,-4,6,120
115,-5,1,-99,-4,6,120
115,-5,1,-99,-4,6,120
115,-5,1,-99,-4,6,120
115,-5,1,-99,-4,6,120
115,-5,1,-99,-4,6,120
115,-5,1,-99,-4,6,120
115,-5,1,-99,-4,6,120
115,-5,1,-99,-4,6,120
115,-5,1,-99,-4,6,120
115,-5,1,-99,-4,6,120
115,-5,1,-99,-4,6,120
115,-5,1,-99,-4,6,120
115,-5,1,-99,-4,6,120
115,-5,1,-99,-4,6,120
115,-5,1,-99,-4,6,120
116,11,1,-98,10,-13,80
116,11,1,-98,10,-13,80
116,11,1,-98,10,-13,80
116,11,1,-98,10,-13,80
116,11,1,-98,10,-13,80
116,11,1,-98,10,-13,80
116,11,1,-98,10,-13,80
116,11,1,-98,10,-13,80
116,11,1,-98,10,-13,80
116,11,1,-98,10,-13,80
116,11,1,-98,10,-13,80
116,11,1,-98,10,-13,80
116,11,1,-98,10,-13,80
116,11,1,-98,10,-13,80
116,11,1,-98,10,-13,80
116,11,1,-98,10,-13,80
116,11,1,-98,10,-13,80
116,11,1,-98,10,-13,80
116,11,1,-98,10,-13,80
116,11,1,-98,10,-13,80
116,11,1,-98,10,-13,80
116,11,1,-98,10,-13,80
116,11,1,-98,10,-13,80
116,11,1,-98,10,-13,80
116,11,1,-98,10,-13,80
116,11,1,-98,10,-13,80
116,11,1,-98,10,-13,80
116,11,1,-98,10,-13,80
116,11,1,-98,10,-13,80
116,11,1,-98,10,-13,80
116,11,1,-98,10,-13,80
117,9,0,-99,9,-13,40
117,9,0,-99,9,-13,40
117,9,0,-99,9,-13,40
117,9,0,-99,9,-13,40
117,9,0,-99,9,-13,40
117,9,0,-99,9,-13,40
117,9,0,-99,9,-13,40
117,9,0,-99,9,-13,40
117,9,0,-99,9,-13,40
117,9,0,-99,9,-13,40
117,9,0,-99,9,-13,40
117,9,0,-99,9,-13,40
117,9,0,-99,9,-13,40
117,9,0,-99,9,-13,40
117,9,0,-99,9,-13,40
117,9,0,-99,9,-13,40
117,9,0,-99,9,-13,40
117,9,0,-99,9,-13,40
117,9,0,-99,9,-13,40
117,9,0,-99,9,-13,40
117,9,0,-99,9,-13,40
117,9,0,-99,9,-13,40
117,9,0,-99,9,-13,40
117,9,0,-99,9,-13,40
117,9,0,-99,9,-13,40
117,9,0,-99,9,-13,40
117,9,0,-99,9,-13,40
117,9,0,-99,9,-13,40
118,-13,0,-98,-11,32,80
118,-13,0,-98,-11,32,80
118,-13,0,-98,-11,32,80
118,-13,0,-98,-11,32,80
118,-13,0,-98,-11,32,80
118,-13,0,-98,-11,32,80
118,-13,0,-98,-11,32,80
118,-13,0,-98,-11,32,80
118,-13,0,-98,-11,32,80
118,-13,0,-98,-11,32,80
118,-13,0,-98,-11,32,80
118,-13,0,-98,-11,32,80
118,-13,0,-98,-11,32,80
118,-13,0,-98,-11,32,80
118,-13,0,-98,-11,32,80
118,-13,0,-98,-11,32,80
118,-13,0,-98,-11,32,80
118,-13,0,-98,-11,32,80
118,-13,0,-98,-11,32,80
118,-13,0,-98,-11,32,80
118,-13,0,-98,-11,32,80
118,-13,0,-98,-11,32,80
118,-13,0,-98,-11,32,80
118,-13,0,-98,-11,32,80
118,-13,0,-98,-11,32,80
118,-13,0,-98,-11,32,80
118,-13,0,-98,-11,32,80
118,-13,0,-98,-11,32,80
119,-18,1,-96,-16,101,120
119,-18,1,-96,-16,101,120
119,-18,1,-96,-16,101,120
119,-18,1,-96,-16,101,120
119,-18,1,-96,-16,101,120
119,-18,1,-96,-16,101,120
119,-18,1,-96,-16,101,120
119,-18,1,-96,-16,101,120
119,-18,1,-96,-16,101,120
119,-18,1,-96,-16,101,120
119,-18,1,-96,-16,101,120
119,-18,1,-96,-16,101,120
119,-18,1,-96,-16,101,120
119,-18,1,-96,-16,101,120
119,-18,1,-96,-16,101,120
119,-18,1,-96,-16,101,120
119,-18,1,-96,-16,101,120
119,-18,1,-96,-16,101,120
119,-18,1,-96,-16,101,120
119,-18,1,-96,-16,101,120
119,-18,1,-96,-16,101,120
119,-18,1,-96,-16,101,120
119,-18,1,-96,-16,101,120
119,-18,1,-96,-16,101,120
119,-18,1,-96,-16,101,120
119,-18,1,-96,-16,101,120
119,-18,1,-96,-16,101,120
119,-18,1,-96,-16,101,120
119,-18,1,-96,-16,101,120
119,-18,1,-96,-16,101,120
119,-18,1,-96,-16,101,120
119,-18,1,-96,-16,101,120
120,5,0,-99,5,40,80
120,5,0,-99,5,40,80
120,5,0,-99,5,40,80
120,5,0,-99,5,40,80
120,5,0,-99,5,40,80
120,5,0,-99,5,40,80
120,5,0,-99,5,40,80
120,5,0,-99,5,40,80
120,5,0,-99,5,40,80
120,5,0,-99,5,40,80
120,5,0,-99,5,40,80
120,5,0,-99,5,40,80
120,5,0,-99,5,40,80
120,5,0,-99,5,40,80
120,5,0,-99,5,40,80
120,5,0,-99,5,40,80
120,5,0,-99,5,40,80
120,5,0,-99,5,40,80
120,5,0,-99,5,40,80
120,5,0,-99,5,40,80
120,5,0,-99,5,40,80
120,5,0,-99,5,40,80
120,5,0,-99,5,40,80
120,5,0,-99,5,40,80
120,5,0,-99,5,40,80
120,5,0,-99,5,40,80
120,5,0,-99,5,40,80
120,5,0,-99,5,40,80
120,5,0,-99,5,40,80
120,5,0,-99,5,40,80
120,5,0,-99,5,40,80
120,5,0,-99,5,40,80
120,5,0,-99,5,40,80
120,5,0,-99,5,40,80
121,6,1,-99,6,91,120
121,6,1,-99,6,91,120
121,6,1,-99,6,91,120
121,6,1,-99,6,91,120
121,6,1,-99,6,91,120
121,6,1,-99,6,91,120
121,6,1,-99,6,91,120
121,6,1,-99,6,91,120
121,6,1,-99,6,91,120
121,6,1,-99,6,91,120
121,6,1,-99,6,91,120
121,6,1,-99,6,91,120
121,6,1,-99,6,91,120
121,6,1,-99,6,91,120
121,6,1,-99,6,91,120
121,6,1,-99,6,91,120
121,6,1,-99,6,91,120
121,6,1,-99,6,91,120
121,6,1,-99,6,91,120
121,6,1,-99,6,91,120
121,6,1,-99,6,91,120
121,6,1,-99,6,91,120
121,6,1,-99,6,91,120
121,6,1,-99,6,91,120
121,6,1,-99,6,91,120
121,6,1,-99,6,91,120
121,6,1,-99,6,91,120
121,6,1,-99,6,91,120
122,11,0,-98,10,13,80
122,11,0,-98,10,13,80
122,11,0,-98,10,13,80
122,11,0,-98,10,13,80
122,11,0,-98,10,13,80
122,11,0,-98,10,13,80
122,11,0,-98,10,13,80
122,11,0,-98,10,13,80
122,11,0,-98,10,13,80
122,11,0,-98,10,13,80
122,11,0,-98,10,13,80
122,11,0,-98,10,13,80
122,11,0,-98,10,13,80
122,11,0,-98,10,13,80
122,11,0,-98,10,13,80
122,11,0,-98,10,13,80
122,11,0,-98,10,13,80
122,11,0,-98,10,13,80
122,11,0,-98,10,13,80
122,11,0,-98,10,13,80
122,11,0,-98,10,13,80
122,11,0,-98,10,13,80
122,11,0,-98,10,13,80
122,11,0,-98,10,13,80
122,11,0,-98,10,13,80
122,11,0,-98,10,13,80
122,11,0,-98,10,13,80
122,11,0,-98,10,13,80
122,11,0,-98,10,13,80
122,11,0,-98,10,13,80
122,11,0,-98,10,13,80
122,11,0,-98,10,13,80
122,11,0,-98,10,13,80
123,-8,0,-99,-7,34,120
123,-8,0,-99,-7,34,120
123,-8,0,-99,-7,34,120
123,-8,0,-99,-7,34,120
123,-8,0,-99,-7,34,120
123,-8,0,-99,-7,34,120
123,-8,0,-99,-7,34,120
123,-8,0,-99,-7,34,120
123,-8,0,-99,-7,34,120
123,-8,0,-99,-7,34,120
123,-8,0,-99,-7,34,120
123,-8,0,-99,-7,34,120
123,-8,0,-99,-7,34,120
123,-8,0,-99,-7,34,120
123,-8,0,-99,-7,34,120
123,-8,0,-99,-7,34,120
123,-8,0,-99,-7,34,120
123,-8,0,-99,-7,34,120
123,-8,0,-99,-7,34,120
123,-8,0,-99,-7,34,120
123,-8,0,-99,-7,34,120
123,-8,0,-99,-7,34,120
123,-8,0,-99,-7,34,120
123,-8,0,-99,-7,34,120
123,-8,0,-99,-7,34,120
123,-8,0,-99,-7,34,120
123,-8,0,-99,-7,34,120
123,-8,0,-99,-7,34,120
123,-8,0,-99,-7,34,120
123,-8,0,-99,-7,34,120
123,-8,0,-99,-7,34,120
124,-15,1,-97,-13,125,160
124,-15,1,-97,-13,125,160
124,-15,1,-97,-13,125,160
124,-15,1,-97,-13,125,160
124,-15,1,-97,-13,125,160
124,-15,1,-97,-13,125,160
124,-15,1,-97,-13,125,160
124,-15,1,-97,-13,125,160
124,-15,1,-97,-13,125,160
124,-15,1,-97,-13,125,160
124,-15,1,-97,-13,125,160
124,-15,1,-97,-13,125,160
124,-15,1,-97,-13,125,160
124,-15,1,-97,-13,125,160
124,-15,1,-97,-13,125,160
124,-15,1,-97,-13,125,160
124,-15,1,-97,-13,125,160
124,-15,1,-97,-13,125,160
124,-15,1,-97,-13,125,160
124,-15,1,-97,-13,125,160
124,-15,1,-97,-13,125,160
124,-15,1,-97,-13,125,160
124,-15,1,-97,-13,125,160
124,-15,1,-97,-13,125,160
124,-15,1,-97,-13,125,160
124,-15,1,-97,-13,125,160
124,-15,1,-97,-13,125,160
124,-15,1,-97,-13,125,160
124,-15,1,-97,-13,125,160
124,-15,1,-97,-13,125,160
125,5,1,-99,5,5,120
125,5,1,-99,5,5,120
125,5,1,-99,5,5,120
125,5,1,-99,5,5,120
125,5,1,-99,5,5,120
125,5,1,-99,5,5,120
125,5,1,-99,5,5,120
125,5,1,-99,5,5,120
125,5,1,-99,5,5,120
125,5,1,-99,5,5,120
125,5,1,-99,5,5,120
125,5,1,-99,5,5,120
125,5,1,-99,5,5,120
125,5,1,-99,5,5,120
125,5,1,-99,5,5,120
125,5,1,-99,5,5,120
125,5,1,-99,5,5,120
125,5,1,-99,5,5,120
125,5,1,-99,5,5,120
125,5,1,-99,5,5,120
125,5,1,-99,5,5,120
125,5,1,-99,5,5,120
125,5,1,-99,5,5,120
125,5,1,-99,5,5,120
125,5,1,-99,5,5,120
125,5,1,-99,5,5,120
125,5,1,-99,5,5,120
125,5,1,-99,5,5,120
125,5,1,-99,5,5,120
125,5,1,-99,5,5,120
125,5,1,-99,5,5,120
125,5,1,-99,5,5,120
125,5,1,-99,5,5,120
125,5,1,-99,5,5,120
125,5,1,-99,5,5,120
126,14,0,-97,13,7,80
126,14,0,-97,13,7,80
126,14,0,-97,13,7,80
126,14,0,-97,13,7,80
126,14,0,-97,13,7,80
126,14,0,-97,13,7,80
126,14,0,-97,13,7,80
126,14,0,-97,13,7,80
126,14,0,-97,13,7,80
126,14,0,-97,13,7,80
126,14,0,-97,13,7,80
126,14,0,-97,13,7,80
126,14,0,-97,13,7,80
126,14,0,-97,13,7,80
126,14,0,-97,13,7,80
126,14,0,-97,13,7,80
126,14,0,-97,13,7,80
126,14,0,-97,13,7,80
126,14,0,-97,13,7,80
126,14,0,-97,13,7,80
126,14,0,-97,13,7,80
126,14,0,-97,13,7,80
126,14,0,-97,13,7,80
126,14,0,-97,13,7,80
126,14,0,-97,13,7,80
126,14,0,-97,13,7,80
126,14,0,-97,13,7,80
126,14,0,-97,13,7,80
126,14,0,-97,13,7,80
127,-5,0,-99,-4,160,120
127,-5,0,-99,-4,160,120
127,-5,0,-99,-4,160,120
127,-5,0,-99,-4,160,120
127,-5,0,-99,-4,160,120
127,-5,0,-99,-4,160,120
127,-5,0,-99,-4,160,120
127,-5,0,-99,-4,160,120
127,-5,0,-99,-4,160,120
127,-5,0,-99,-4,160,120
127,-5,0,-99,-4,160,120
127,-5,0,-99,-4,160,120
127,-5,0,-99,-4,160,120
127,-5,0,-99,-4,160,120
127,-5,0,-99,-4,160,120
127,-5,0,-99,-4,160,120
127,-5,0,-99,-4,160,120
127,-5,0,-99,-4,160,120
127,-5,0,-99,-4,160,120
127,-5,0,-99,-4,160,120
127,-5,0,-99,-4,160,120
127,-5,0,-99,-4,160,120
127,-5,0,-99,-4,160,120
127,-5,0,-99,-4,160,120
127,-5,0,-99,-4,160,120
127,-5,0,-99,-4,160,120
127,-5,0,-99,-4,160,120
127,-5,0,-99,-4,160,120
127,-5,0,-99,-4,160,120
127,-5,0,-99,-4,160,120
127,-5,0,-99,-4,160,120
127,-5,0,-99,-4,160,120
127,-5,0,-99,-4,160,120
128,-15,0,-97,-13,119,160
128,-15,0,-97,-13,119,160
128,-15,0,-97,-13,119,160
128,-15,0,-97,-13,119,160
128,-15,0,-97,-13,119,160
128,-15,0,-97,-13,119,160
128,-15,0,-97,-13,119,160
128,-15,0,-97,-13,119,160
128,-15,0,-97,-13,119,160
128,-15,0,-97,-13,119,160
128,-15,0,-97,-13,119,160
128,-15,0,-97,-13,119,160
128,-15,0,-97,-13,119,160
128,-15,0,-97,-13,119,160
128,-15,0,-97,-13,119,160
128,-15,0,-97,-13,119,160
128,-15,0,-97,-13,119,160
128,-15,0,-97,-13,119,160
128,-15,0,-97,-13,119,160
128,-15,0,-97,-13,119,160
128,-15,0,-97,-13,119,160
128,-15,0,-97,-13,119,160
128,-15,0,-97,-13,119,160
128,-15,0,-97,-13,119,160
128,-15,0,-97,-13,119,160
128,-15,0,-97,-13,119,160
128,-15,0,-97,-13,119,160
128,-15,0,-97,-13,119,160
128,-15,0,-97,-13,119,160
128,-15,0,-97,-13,119,160
128,-15,0,-97,-13,119,160
128,-15,0,-97,-13,119,160
128,-15,0,-97,-13,119,160
129,-8,1,-99,-7,119,200
129,-8,1,-99,-7,119,200
129,-8,1,-99,-7,119,200
129,-8,1,-99,-7,119,200
129,-8,1,-99,-7,119,200
129,-8,1,-99,-7,119,200
129,-8,1,-99,-7,119,200
129,-8,1,-99,-7,119,200
129,-8,1,-99,-7,119,200
129,-8,1,-99,-7,119,200
129,-8,1,-99,-7,119,200
129,-8,1,-99,-7,119,200
129,-8,1,-99,-7,119,200
129,-8,1,-99,-7,119,200
129,-8,1,-99,-7,119,200
129,-8,1,-99,-7,119,200
129,-8,1,-99,-7,119,200
129,-8,1,-99,-7,119,200
129,-8,1,-99,-7,119,200
129,-8,1,-99,-7,119,200
129,-8,1,-99,-7,119,200
129,-8,1,-99,-7,119,200
129,-8,1,-99,-7,119,200
129,-8,1,-99,-7,119,200
129,-8,1,-99,-7,119,200
129,-8,1,-99,-7,119,200
129,-8,1,-99,-7,119,200
129,-8,1,-99,-7,119,200
130,14,1,-97,13,7,160
130,14,1,-97,13,7,160
130,14,1,-97,13,7,160
130,14,1,-97,13,7,160
130,14,1,-97,13,7,160
130,14,1,-97,13,7,160
130,14,1,-97,13,7,160
130,14,1,-97,13,7,160
130,14,1,-97,13,7,160
130,14,1,-97,13,7,160
130,14,1,-97,13,7,160
130,14,1,-97,13,7,160
130,14,1,-97,13,7,160
130,14,1,-97,13,7,160
130,14,1,-97,13,7,160
130,14,1,-97,13,7,160
130,14,1,-97,13,7,160
130,14,1,-97,13,7,160
130,14,1,-97,13,7,160
130,14,1,-97,13,7,160
130,14,1,-97,13,7,160
130,14,1,-97,13,7,160
130,14,1,-97,13,7,160
130,14,1,-97,13,7,160
130,14,1,-97,13,7,160
131,16,0,-97,15,4,120
131,16,0,-97,15,4,120
131,16,0,-97,15,4,120
131,16,0,-97,15,4,120
131,16,0,-97,15,4,120
131,16,0,-97,15,4,120
131,16,0,-97,15,4,120
131,16,0,-97,15,4,120
131,16,0,-97,15,4,120
131,16,0,-97,15,4,120
131,16,0,-97,15,4,120
131,16,0,-97,15,4,120
131,16,0,-97,15,4,120
131,16,0,-97,15,4,120
131,16,0,-97,15,4,120
131,16,0,-97,15,4,120
131,16,0,-97,15,4,120
131,16,0,-97,15,4,120
131,16,0,-97,15,4,120
131,16,0,-97,15,4,120
131,16,0,-97,15,4,120
131,16,0,-97,15,4,120
131,16,0,-97,15,4,120
131,16,0,-97,15,4,120
131,16,0,-97,15,4,120
131,16,0,-97,15,4,120
131,16,0,-97,15,4,120
131,16,0,-97,15,4,120
131,16,0,-97,15,4,120
131,16,0,-97,15,4,120
131,16,0,-97,15,4,120
131,16,0,-97,15,4,120
131,16,0,-97,15,4,120
131,16,0,-97,15,4,120
131,16,0,-97,15,4,120
132,-12,0,-98,-10,112,160
132,-12,0,-98,-10,112,160
132,-12,0,-98,-10,112,160
132,-12,0,-98,-10,112,160
132,-12,0,-98,-10,112,160
132,-12,0,-98,-10,112,160
132,-12,0,-98,-10,112,160
132,-12,0,-98,-10,112,160
132,-12,0,-98,-10,112,160
132,-12,0,-98,-10,112,160
132,-12,0,-98,-10,112,160
132,-12,0,-98,-10,112,160
132,-12,0,-98,-10,112,160
132,-12,0,-98,-10,112,160
132,-12,0,-98,-10,112,160
132,-12,0,-98,-10,112,160
132,-12,0,-98,-10,112,160
132,-12,0,-98,-10,112,160
132,-12,0,-98,-10,112,160
132,-12,0,-98,-10,112,160
132,-12,0,-98,-10,112,160
133,-24,0,-94,-21,61,200
133,-24,0,-94,-21,61,200
133,-24,0,-94,-21,61,200
133,-24,0,-94,-21,61,200
133,-24,0,-94,-21,61,200
133,-24,0,-94,-21,61,200
133,-24,0,-94,-21,61,200
133,-24,0,-94,-21,61,200
133,-24,0,-94,-21,61,200
133,-24,0,-94,-21,61,200
133,-24,0,-94,-21,61,200
133,-24,0,-94,-21,61,200
133,-24,0,-94,-21,61,200
133,-24,0,-94,-21,61,200
133,-24,0,-94,-21,61,200
133,-24,0,-94,-21,61,200
133,-24,0,-94,-21,61,200
133,-24,0,-94,-21,61,200
133,-24,0,-94,-21,61,200
133,-24,0,-94,-21,61,200
133,-24,0,-94,-21,61,200
133,-24,0,-94,-21,61,200
133,-24,0,-94,-21,61,200
133,-24,0,-94,-21,61,200
133,-24,0,-94,-21,61,200
133,-24,0,-94,-21,61,200
133,-24,0,-94,-21,61,200
134,-10,0,-99,-9,101,240
134,-10,0,-99,-9,101,240
134,-10,0,-99,-9,101,240
134,-10,0,-99,-9,101,240
134,-10,0,-99,-9,101,240
134,-10,0,-99,-9,101,240
134,-10,0,-99,-9,101,240
134,-10,0,-99,-9,101,240
134,-10,0,-99,-9,101,240
134,-10,0,-99,-9,101,240
134,-10,0,-99,-9,101,240
134,-10,0,-99,-9,101,240
134,-10,0,-99,-9,101,240
134,-10,0,-99,-9,101,240
134,-10,0,-99,-9,101,240
134,-10,0,-99,-9,101,240
134,-10,0,-99,-9,101,240
134,-10,0,-99,-9,101,240
134,-10,0,-99,-9,101,240
134,-10,0,-99,-9,101,240
134,-10,0,-99,-9,101,240
134,-10,0,-99,-9,101,240
134,-10,0,-99,-9,101,240
134,-10,0,-99,-9,101,240
134,-10,0,-99,-9,101,240
134,-10,0,-99,-9,101,240
134,-10,0,-99,-9,101,240
134,-10,0,-99,-9,101,240
134,-10,0,-99,-9,101,240
134,-10,0,-99,-9,101,240
134,-10,0,-99,-9,101,240
134,-10,0,-99,-9,101,240
135,9,1,-99,9,160,280
135,9,1,-99,9,160,280
135,9,1,-99,9,160,280
135,9,1,-99,9,160,280
135,9,1,-99,9,160,280
135,9,1,-99,9,160,280
135,9,1,-99,9,160,280
135,9,1,-99,9,160,280
135,9,1,-99,9,160,280
135,9,1,-99,9,160,280
135,9,1,-99,9,160,280
135,9,1,-99,9,160,280
135,9,1,-99,9,160,280
135,9,1,-99,9,160,280
135,9,1,-99,9,160,280
135,9,1,-99,9,160,280
135,9,1,-99,9,160,280
135,9,1,-99,9,160,280
135,9,1,-99,9,160,280
135,9,1,-99,9,160,280
135,9,1,-99,9,160,280
135,9,1,-99,9,160,280
135,9,1,-99,9,160,280
135,9,1,-99,9,160,280
135,9,1,-99,9,160,280
135,9,1,-99,9,160,280
135,9,1,-99,9,160,280
135,9,1,-99,9,160,280
135,9,1,-99,9,160,280
135,9,1,-99,9,160,280
135,9,1,-99,9,160,280
135,9,1,-99,9,160,280
135,9,1,-99,9,160,280
135,9,1,-99,9,160,280
135,9,1,-99,9,160,280
135,9,1,-99,9,160,280
135,9,1,-99,9,160,280
135,9,1,-99,9,160,280
135,9,1,-99,9,160,280
136,25,0,-93,23,15,240
136,25,0,-93,23,15,240
136,25,0,-93,23,15,240
136,25,0,-93,23,15,240
136,25,0,-93,23,15,240
136,25,0,-93,23,15,240
136,25,0,-93,23,15,240
136,25,0,-93,23,15,240
136,25,0,-93,23,15,240
136,25,0,-93,23,15,240
136,25,0,-93,23,15,240
136,25,0,-93,23,15,240
136,25,0,-93,23,15,240
136,25,0,-93,23,15,240
136,25,0,-93,23,15,240
136,25,0,-93,23,15,240
136,25,0,-93,23,15,240
136,25,0,-93,23,15,240
136,25,0,-93,23,15,240
136,25,0,-93,23,15,240
136,25,0,-93,23,15,240
136,25,0,-93,23,15,240
136,25,0,-93,23,15,240
136,25,0,-93,23,15,240
136,25,0,-93,23,15,240
136,25,0,-93,23,15,240
136,25,0,-93,23,15,240
136,25,0,-93,23,15,240
136,25,0,-93,23,15,240
136,25,0,-93,23,15,240
136,25,0,-93,23,15,240
136,25,0,-93,23,15,240
136,25,0,-93,23,15,240
137,2,1,-99,2,103,280
137,2,1,-99,2,103,280
137,2,1,-99,2,103,280
137,2,1,-99,2,103,280
137,2,1,-99,2,103,280
137,2,1,-99,2,103,280
137,2,1,-99,2,103,280
137,2,1,-99,2,103,280
137,2,1,-99,2,103,280
137,2,1,-99,2,103,280
137,2,1,-99,2,103,280
137,2,1,-99,2,103,280
137,2,1,-99,2,103,280
137,2,1,-99,2,103,280
137,2,1,-99,2,103,280
137,2,1,-99,2,103,280
137,2,1,-99,2,103,280
137,2,1,-99,2,103,280
137,2,1,-99,2,103,280
137,2,1,-99,2,103,280
137,2,1,-99,2,103,280
137,2,1,-99,2,103,280
137,2,1,-99,2,103,280
137,2,1,-99,2,103,280
137,2,1,-99,2,103,280
137,2,1,-99,2,103,280
137,2,1,-99,2,103,280
137,2,1,-99,2,103,280
137,2,1,-99,2,103,280
137,2,1,-99,2,103,280
137,2,1,-99,2,103,280
137,2,1,-99,2,103,280
137,2,1,-99,2,103,280
138,-8,0,-99,-7,8,240
138,-8,0,-99,-7,8,240
138,-8,0,-99,-7,8,240
138,-8,0,-99,-7,8,240
138,-8,0,-99,-7,8,240
138,-8,0,-99,-7,8,240
138,-8,0,-99,-7,8,240
138,-8,0,-99,-7,8,240
138,-8,0,-99,-7,8,240
138,-8,0,-99,-7,8,240
138,-8,0,-99,-7,8,240
138,-8,0,-99,-7,8,240
138,-8,0,-99,-7,8,240
138,-8,0,-99,-7,8,240
138,-8,0,-99,-7,8,240
138,-8,0,-99,-7,8,240
138,-8,0,-99,-7,8,240
138,-8,0,-99,-7,8,240
138,-8,0,-99,-7,8,240
138,-8,0,-99,-7,8,240
138,-8,0,-99,-7,8,240
138,-8,0,-99,-7,8,240
138,-8,0,-99,-7,8,240
138,-8,0,-99,-7,8,240
138,-8,0,-99,-7,8,240
138,-8,0,-99,-7,8,240
138,-8,0,-99,-7,8,240
138,-8,0,-99,-7,8,240
138,-8,0,-99,-7,8,240
138,-8,0,-99,-7,8,240
138,-8,0,-99,-7,8,240
138,-8,0,-99,-7,8,240
138,-8,0,-99,-7,8,240
138,-8,0,-99,-7,8,240
138,-8,0,-99,-7,8,240
138,-8,0,-99,-7,8,240
138,-8,0,-99,-7,8,240
138,-8,0,-99,-7,8,240
138,-8,0,-99,-7,8,240
138,-8,0,-99,-7,8,240
138,-8,0,-99,-7,8,240
139,-20,0,-96,-18,120,280
139,-20,0,-96,-18,120,280
139,-20,0,-96,-18,120,280
139,-20,0,-96,-18,120,280
139,-20,0,-96,-18,120,280
139,-20,0,-96,-18,120,280
139,-20,0,-96,-18,120,280
139,-20,0,-96,-18,120,280
139,-20,0,-96,-18,120,280
139,-20,0,-96,-18,120,280
139,-20,0,-96,-18,120,280
139,-20,0,-96,-18,120,280
139,-20,0,-96,-18,120,280
139,-20,0,-96,-18,120,280
139,-20,0,-96,-18,120,280
139,-20,0,-96,-18,120,280
139,-20,0,-96,-18,120,280
139,-20,0,-96,-18,120,280
139,-20,0,-96,-18,120,280
139,-20,0,-96,-18,120,280
139,-20,0,-96,-18,120,280
139,-20,0,-96,-18,120,280
139,-20,0,-96,-18,120,280
139,-20,0,-96,-18,120,280
139,-20,0,-96,-18,120,280
139,-20,0,-96,-18,120,280
139,-20,0,-96,-18,120,280
139,-20,0,-96,-18,120,280
139,-20,0,-96,-18,120,280
139,-20,0,-96,-18,120,280
139,-20,0,-96,-18,120,280
139,-20,0,-96,-18,120,280
139,-20,0,-96,-18,120,280
139,-20,0,-96,-18,120,280
139,-20,0,-96,-18,120,280
139,-20,0,-96,-18,120,280
139,-20,0,-96,-18,120,280
139,-20,0,-96,-18,120,280
139,-20,0,-96,-18,120,280
139,-20,0,-96,-18,120,280
139,-20,0,-96,-18,120,280
139,-20,0,-96,-18,120,280
139,-20,0,-96,-18,120,280
139,-20,0,-96,-18,120,280
139,-20,0,-96,-18,120,280
139,-20,0,-96,-18,120,280
139,-20,0,-96,-18,120,280
139,-20,0,-96,-18,120,280
139,-20,0,-96,-18,120,280
139,-20,0,-96,-18,120,280
139,-20,0,-96,-18,120,280
139,-20,0,-96,-18,120,280
139,-20,0,-96,-18,120,280
139,-20,0,-96,-18,120,280
139,-20,0,-96,-18,120,280
139,-20,0,-96,-18,120,280
139,-20,0,-96,-18,120,280
139,-20,0,-96,-18,120,280
139,-20,0,-96,-18,120,280
139,-20,0,-96,-18,120,280
139,-20,0,-96,-18,120,280
139,-20,0,-96,-18,120,280
139,-20,0,-96,-18,120,280
139,-20,0,-96,-18,120,280
139,-20,0,-96,-18,120,280
139,-20,0,-96,-18,120,280
139,-20,0,-96,-18,120,280
139,-20,0,-96,-18,120,280
139,-20,0,-96,-18,120,280
139,-20,0,-96,-18,120,280
139,-20,0,-96,-18,120,280
139,-20,0,-96,-18,120,280
139,-20,0,-96,-18,120,280
140,-10,1,-99,-9,122,320
140,-10,1,-99,-9,122,320
140,-10,1,-99,-9,122,320
140,-10,1,-99,-9,122,320
140,-10,1,-99,-9,122,320
140,-10,1,-99,-9,122,320
140,-10,1,-99,-9,122,320
140,-10,1,-99,-9,122,320
140,-10,1,-99,-9,122,320
140,-10,1,-99,-9,122,320
140,-10,1,-99,-9,122,320
140,-10,1,-99,-9,122,320
140,-10,1,-99,-9,122,320
140,-10,1,-99,-9,122,320
140,-10,1,-99,-9,122,320
140,-10,1,-99,-9,122,320
140,-10,1,-99,-9,122,320
140,-10,1,-99,-9,122,320
140,-10,1,-99,-9,122,320
140,-10,1,-99,-9,122,320
140,-10,1,-99,-9,122,320
140,-10,1,-99,-9,122,320
140,-10,1,-99,-9,122,320
140,-10,1,-99,-9,122,320
140,-10,1,-99,-9,122,320
140,-10,1,-99,-9,122,320
140,-10,1,-99,-9,122,320
140,-10,1,-99,-9,122,320
140,-10,1,-99,-9,122,320
140,-10,1,-99,-9,122,320
140,-10,1,-99,-9,122,320
140,-10,1,-99,-9,122,320
140,-10,1,-99,-9,122,320
140,-10,1,-99,-9,122,320
140,-10,1,-99,-9,122,320
140,-10,1,-99,-9,122,320
140,-10,1,-99,-9,122,320
140,-10,1,-99,-9,122,320
140,-10,1,-99,-9,122,320
140,-10,1,-99,-9,122,320
140,-10,1,-99,-9,122,320
140,-10,1,-99,-9,122,320
140,-10,1,-99,-9,122,320
140,-10,1,-99,-9,122,320
140,-10,1,-99,-9,122,320
140,-10,1,-99,-9,122,320
140,-10,1,-99,-9,122,320
140,-10,1,-99,-9,122,320
140,-10,1,-99,-9,122,320
140,-10,1,-99,-9,122,320
140,-10,1,-99,-9,122,320
140,-10,1,-99,-9,122,320
140,-10,1,-99,-9,122,320
140,-10,1,-99,-9,122,320
141,17,1,-96,16,12,280
141,17,1,-96,16,12,280
141,17,1,-96,16,12,280
141,17,1,-96,16,12,280
141,17,1,-96,16,12,280
141,17,1,-96,16,12,280
141,17,1,-96,16,12,280
141,17,1,-96,16,12,280
141,17,1,-96,16,12,280
141,17,1,-96,16,12,280
141,17,1,-96,16,12,280
141,17,1,-96,16,12,280
141,17,1,-96,16,12,280
141,17,1,-96,16,12,280
141,17,1,-96,16,12,280
141,17,1,-96,16,12,280
141,17,1,-96,16,12,280
141,17,1,-96,16,12,280
141,17,1,-96,16,12,280
141,17,1,-96,16,12,280
141,17,1,-96,16,12,280
141,17,1,-96,16,12,280
141,17,1,-96,16,12,280
141,17,1,-96,16,12,280
141,17,1,-96,16,12,280
141,17,1,-96,16,12,280
141,17,1,-96,16,12,280
141,17,1,-96,16,12,280
141,17,1,-96,16,12,280
141,17,1,-96,16,12,280
141,17,1,-96,16,12,280
141,17,1,-96,16,12,280
141,17,1,-96,16,12,280
141,17,1,-96,16,12,280
141,17,1,-96,16,12,280
141,17,1,-96,16,12,280
141,17,1,-96,16,12,280
141,17,1,-96,16,12,280
141,17,1,-96,16,12,280
141,17,1,-96,16,12,280
141,17,1,-96,16,12,280
141,17,1,-96,16,12,280
141,17,1,-96,16,12,280
141,17,1,-96,16,12,280
141,17,1,-96,16,12,280
141,17,1,-96,16,12,280
141,17,1,-96,16,12,280
141,17,1,-96,16,12,280
141,17,1,-96,16,12,280
142,21,1,-95,19,0,240
142,21,1,-95,19,0,240
142,21,1,-95,19,0,240
142,21,1,-95,19,0,240
142,21,1,-95,19,0,240
142,21,1,-95,19,0,240
142,21,1,-95,19,0,240
142,21,1,-95,19,0,240
142,21,1,-95,19,0,240
142,21,1,-95,19,0,240
142,21,1,-95,19,0,240
142,21,1,-95,19,0,240
142,21,1,-95,19,0,240
142,21,1,-95,19,0,240
142,21,1,-95,19,0,240
142,21,1,-95,19,0,240
142,21,1,-95,19,0,240
142,21,1,-95,19,0,240
142,21,1,-95,19,0,240
142,21,1,-95,19,0,240
142,21,1,-95,19,0,240
142,21,1,-95,19,0,240
142,21,1,-95,19,0,240
142,21,1,-95,19,0,240
142,21,1,-95,19,0,240
142,21,1,-95,19,0,240
142,21,1,-95,19,0,240
142,21,1,-95,19,0,240
142,21,1,-95,19,0,240
142,21,1,-95,19,0,240
142,21,1,-95,19,0,240
142,21,1,-95,19,0,240
142,21,1,-95,19,0,240
142,21,1,-95,19,0,240
142,21,1,-95,19,0,240
142,21,1,-95,19,0,240
142,21,1,-95,19,0,240
142,21,1,-95,19,0,240
142,21,1,-95,19,0,240
142,21,1,-95,19,0,240
142,21,1,-95,19,0,240
142,21,1,-95,19,0,240
142,21,1,-95,19,0,240
142,21,1,-95,19,0,240
142,21,1,-95,19,0,240
142,21,1,-95,19,0,240
142,21,1,-95,19,0,240
143,1,1,-99,1,-8,200
143,1,1,-99,1,-8,200
143,1,1,-99,1,-8,200
143,1,1,-99,1,-8,200
143,1,1,-99,1,-8,200
143,1,1,-99,1,-8,200
143,1,1,-99,1,-8,200
143,1,1,-99,1,-8,200
143,1,1,-99,1,-8,200
143,1,1,-99,1,-8,200
143,1,1,-99,1,-8,200
143,1,1,-99,1,-8,200
143,1,1,-99,1,-8,200
143,1,1,-99,1,-8,200
143,1,1,-99,1,-8,200
143,1,1,-99,1,-8,200
143,1,1,-99,1,-8,200
143,1,1,-99,1,-8,200
143,1,1,-99,1,-8,200
143,1,1,-99,1,-8,200
143,1,1,-99,1,-8,200
143,1,1,-99,1,-8,200
143,1,1,-99,1,-8,200
143,1,1,-99,1,-8,200
143,1,1,-99,1,-8,200
143,1,1,-99,1,-8,200
143,1,1,-99,1,-8,200
143,1,1,-99,1,-8,200
143,1,1,-99,1,-8,200
143,1,1,-99,1,-8,200
143,1,1,-99,1,-8,200
143,1,1,-99,1,-8,200
143,1,1,-99,1,-8,200
143,1,1,-99,1,-8,200
143,1,1,-99,1,-8,200
143,1,1,-99,1,-8,200
143,1,1,-99,1,-8,200
143,1,1,-99,1,-8,200
143,1,1,-99,1,-8,200
143,1,1,-99,1,-8,200
144,-17,0,-97,-15,-4,160
144,-17,0,-97,-15,-4,160
144,-17,0,-97,-15,-4,160
144,-17,0,-97,-15,-4,160
144,-17,0,-97,-15,-4,160
144,-17,0,-97,-15,-4,160
144,-17,0,-97,-15,-4,160
144,-17,0,-97,-15,-4,160
144,-17,0,-97,-15,-4,160
144,-17,0,-97,-15,-4,160
144,-17,0,-97,-15,-4,160
144,-17,0,-97,-15,-4,160
144,-17,0,-97,-15,-4,160
144,-17,0,-97,-15,-4,160
144,-17,0,-97,-15,-4,160
144,-17,0,-97,-15,-4,160
144,-17,0,-97,-15,-4,160
144,-17,0,-97,-15,-4,160
144,-17,0,-97,-15,-4,160
144,-17,0,-97,-15,-4,160
144,-17,0,-97,-15,-4,160
144,-17,0,-97,-15,-4,160
144,-17,0,-97,-15,-4,160
144,-17,0,-97,-15,-4,160
144,-17,0,-97,-15,-4,160
144,-17,0,-97,-15,-4,160
144,-17,0,-97,-15,-4,160
144,-17,0,-97,-15,-4,160
144,-17,0,-97,-15,-4,160
144,-17,0,-97,-15,-4,160
144,-17,0,-97,-15,-4,160
144,-17,0,-97,-15,-4,160
144,-17,0,-97,-15,-4,160
144,-17,0,-97,-15,-4,160
144,-17,0,-97,-15,-4,160
144,-17,0,-97,-15,-4,160
144,-17,0,-97,-15,-4,160
144,-17,0,-97,-15,-4,160
144,-17,0,-97,-15,-4,160
145,-27,1,-92,-24,92,200
145,-27,1,-92,-24,92,200
145,-27,1,-92,-24,92,200
145,-27,1,-92,-24,92,200
145,-27,1,-92,-24,92,200
145,-27,1,-92,-24,92,200
145,-27,1,-92,-24,92,200
145,-27,1,-92,-24,92,200
145,-27,1,-92,-24,92,200
145,-27,1,-92,-24,92,200
145,-27,1,-92,-24,92,200
145,-27,1,-92,-24,92,200
145,-27,1,-92,-24,92,200
145,-27,1,-92,-24,92,200
145,-27,1,-92,-24,92,200
145,-27,1,-92,-24,92,200
145,-27,1,-92,-24,92,200
145,-27,1,-92,-24,92,200
145,-27,1,-92,-24,92,200
145,-27,1,-92,-24,92,200
145,-27,1,-92,-24,92,200
145,-27,1,-92,-24,92,200
145,-27,1,-92,-24,92,200
145,-27,1,-92,-24,92,200
145,-27,1,-92,-24,92,200
145,-27,1,-92,-24,92,200
145,-27,1,-92,-24,92,200
145,-27,1,-92,-24,92,200
146,1,0,-99,1,4,160
146,1,0,-99,1,4,160
146,1,0,-99,1,4,160
146,1,0,-99,1,4,160
146,1,0,-99,1,4,160
146,1,0,-99,1,4,160
146,1,0,-99,1,4,160
146,1,0,-99,1,4,160
146,1,0,-99,1,4,160
146,1,0,-99,1,4,160
146,1,0,-99,1,4,160
146,1,0,-99,1,4,160
146,1,0,-99,1,4,160
146,1,0,-99,1,4,160
146,1,0,-99,1,4,160
146,1,0,-99,1,4,160
146,1,0,-99,1,4,160
146,1,0,-99,1,4,160
146,1,0,-99,1,4,160
146,1,0,-99,1,4,160
146,1,0,-99,1,4,160
146,1,0,-99,1,4,160
146,1,0,-99,1,4,160
146,1,0,-99,1,4,160
146,1,0,-99,1,4,160
146,1,0,-99,1,4,160
146,1,0,-99,1,4,160
146,1,0,-99,1,4,160
146,1,0,-99,1,4,160
146,1,0,-99,1,4,160
146,1,0,-99,1,4,160
146,1,0,-99,1,4,160
146,1,0,-99,1,4,160
146,1,0,-99,1,4,160
146,1,0,-99,1,4,160
146,1,0,-99,1,4,160
146,1,0,-99,1,4,160
146,1,0,-99,1,4,160
146,1,0,-99,1,4,160
147,9,0,-99,9,108,200
147,9,0,-99,9,108,200
147,9,0,-99,9,108,200
147,9,0,-99,9,108,200
147,9,0,-99,9,108,200
147,9,0,-99,9,108,200
147,9,0,-99,9,108,200
147,9,0,-99,9,108,200
147,9,0,-99,9,108,200
147,9,0,-99,9,108,200
147,9,0,-99,9,108,200
147,9,0,-99,9,108,200
147,9,0,-99,9,108,200
147,9,0,-99,9,108,200
147,9,0,-99,9,108,200
147,9,0,-99,9,108,200
147,9,0,-99,9,108,200
147,9,0,-99,9,108,200
147,9,0,-99,9,108,200
147,9,0,-99,9,108,200
147,9,0,-99,9,108,200
147,9,0,-99,9,108,200
147,9,0,-99,9,108,200
147,9,0,-99,9,108,200
147,9,0,-99,9,108,200
147,9,0,-99,9,108,200
147,9,0,-99,9,108,200
147,9,0,-99,9,108,200
147,9,0,-99,9,108,200
147,9,0,-99,9,108,200
147,9,0,-99,9,108,200
147,9,0,-99,9,108,200
147,9,0,-99,9,108,200
147,9,0,-99,9,108,200
147,9,0,-99,9,108,200
147,9,0,-99,9,108,200
147,9,0,-99,9,108,200
147,9,0,-99,9,108,200
147,9,0,-99,9,108,200
147,9,0,-99,9,108,200
147,9,0,-99,9,108,200
147,9,0,-99,9,108,200
148,6,0,-99,6,146,240
148,6,0,-99,6,146,240
148,6,0,-99,6,146,240
148,6,0,-99,6,146,240
148,6,0,-99,6,146,240
148,6,0,-99,6,146,240
148,6,0,-99,6,146,240
148,6,0,-99,6,146,240
148,6,0,-99,6,146,240
148,6,0,-99,6,146,240
148,6,0,-99,6,146,240
148,6,0,-99,6,146,240
148,6,0,-99,6,146,240
148,6,0,-99,6,146,240
148,6,0,-99,6,146,240
148,6,0,-99,6,146,240
148,6,0,-99,6,146,240
148,6,0,-99,6,146,240
148,6,0,-99,6,146,240
148,6,0,-99,6,146,240
148,6,0,-99,6,146,240
148,6,0,-99,6,146,240
148,6,0,-99,6,146,240
148,6,0,-99,6,146,240
148,6,0,-99,6,146,240
148,6,0,-99,6,146,240
148,6,0,-99,6,146,240
148,6,0,-99,6,146,240
148,6,0,-99,6,146,240
148,6,0,-99,6,146,240
148,6,0,-99,6,146,240
148,6,0,-99,6,146,240
148,6,0,-99,6,146,240
148,6,0,-99,6,146,240
148,6,0,-99,6,146,240
148,6,0,-99,6,146,240
148,6,0,-99,6,146,240
148,6,0,-99,6,146,240
148,6,0,-99,6,146,240
148,6,0,-99,6,146,240
148,6,0,-99,6,146,240
148,6,0,-99,6,146,240
148,6,0,-99,6,146,240
149,-3,0,-99,-2,82,280
149,-3,0,-99,-2,82,280
149,-3,0,-99,-2,82,280
149,-3,0,-99,-2,82,280
149,-3,0,-99,-2,82,280
149,-3,0,-99,-2,82,280
149,-3,0,-99,-2,82,280
149,-3,0,-99,-2,82,280
149,-3,0,-99,-2,82,280
149,-3,0,-99,-2,82,280
149,-3,0,-99,-2,82,280
149,-3,0,-99,-2,82,280
149,-3,0,-99,-2,82,280
149,-3,0,-99,-2,82,280
149,-3,0,-99,-2,82,280
149,-3,0,-99,-2,82,280
149,-3,0,-99,-2,82,280
149,-3,0,-99,-2,82,280
149,-3,0,-99,-2,82,280
149,-3,0,-99,-2,82,280
149,-3,0,-99,-2,82,280
149,-3,0,-99,-2,82,280
149,-3,0,-99,-2,82,280
149,-3,0,-99,-2,82,280
149,-3,0,-99,-2,82,280
149,-3,0,-99,-2,82,280
149,-3,0,-99,-2,82,280
149,-3,0,-99,-2,82,280
149,-3,0,-99,-2,82,280
149,-3,0,-99,-2,82,280
149,-3,0,-99,-2,82,280
149,-3,0,-99,-2,82,280
149,-3,0,-99,-2,82,280
149,-3,0,-99,-2,82,280
149,-3,0,-99,-2,82,280
149,-3,0,-99,-2,82,280
149,-3,0,-99,-2,82,280
149,-3,0,-99,-2,82,280
149,-3,0,-99,-2,82,280
149,-3,0,-99,-2,82,280
149,-3,0,-99,-2,82,280
149,-3,0,-99,-2,82,280
150,-7,0,-99,-6,108,320
